0.000000000000000000e+00 0.000000000000000000e+00 0.000000000000000000e+00 0.000000000000000000e+00 0.000000000000000000e+00 0.000000000000000000e+00 0.000000000000000000e+00 0.000000000000000000e+00 0.000000000000000000e+00 0.000000000000000000e+00 0.000000000000000000e+00 0.000000000000000000e+00 0.000000000000000000e+00 0.000000000000000000e+00 0.000000000000000000e+00 0.000000000000000000e+00
5.187390958066195011e-03 9.884889364220939001e-03 0.000000000000000000e+00 9.706245250884926179e-03 4.687675020785599458e-03 1.010918695555141668e-03 0.000000000000000000e+00 2.430839172370192515e-03 7.267325639990219500e-03 5.719736406653907167e-03 1.689342832591391591e-04 7.052276326203524813e-03 1.366757984892607051e-03 1.418022391371571989e-03 1.073077490202401299e-02 1.060299129098751791e-02
5.187390958066195011e-03 3.989347954602111279e-02 5.592423672136026536e-03 8.928865318852904909e-02 4.687675020785599458e-03 1.441265082216339893e-02 3.464791866206770599e-02 2.237340898581360871e-02 7.267325639990219500e-03 4.005000220023667568e-02 2.807755431878847241e-03 2.044493471855762801e-02 1.366757984892607051e-03 6.735672789697430551e-03 3.362705466871387244e-02 5.600438603059081089e-02
1.550502512140905509e-02 6.174331799292609446e-02 6.169689236135027233e-03 8.928865318852904909e-02 1.339900899756105851e-02 2.696708066378430968e-02 7.823909467928592820e-02 4.785795622069288768e-02 4.254647111888543165e-02 6.505518480053418262e-02 3.172406471095329250e-02 2.044493471855762801e-02 1.366757984892607051e-03 6.735672789697430551e-03 7.555358751822005559e-02 7.119064541670777624e-02
4.374518905257041013e-02 7.218682166178252979e-02 6.936423181022648848e-03 1.164987644648861342e-01 2.907292353474925234e-02 3.090112468905559240e-02 7.823909467928592820e-02 7.269531972799370134e-02 5.554643890044655419e-02 6.505518480053418262e-02 3.172406471095329250e-02 2.429140809388885547e-02 1.559525530853694830e-02 2.164115742176875301e-02 8.815737504707921168e-02 7.119064541670777624e-02
6.792234210674613637e-02 9.803032855079418795e-02 6.936423181022648848e-03 1.164987644648861342e-01 2.907292353474925234e-02 4.896827001900588838e-02 1.198754799162209395e-01 7.269531972799370134e-02 5.561630030257473656e-02 9.958972639637692081e-02 3.849109293956587408e-02 2.429140809388885547e-02 1.559525530853694830e-02 3.835216227940310696e-02 1.217876711691303626e-01 7.119064541670777624e-02
7.868450418713407446e-02 9.803032855079418795e-02 1.135897716461306550e-02 1.267157576662134022e-01 2.907292353474925234e-02 5.874092136522762742e-02 1.324982416818879516e-01 7.269531972799370134e-02 6.851635398991220982e-02 9.958972639637692081e-02 5.193293179326557985e-02 2.632583608972127731e-02 2.971429122503713161e-02 3.835216227940310696e-02 1.389035117000679831e-01 7.119064541670777624e-02
8.994033716860290462e-02 9.803032855079418795e-02 3.684550146586636210e-02 1.451069526081282257e-01 2.907292353474925234e-02 5.874092136522762742e-02 1.324982416818879516e-01 7.269531972799370134e-02 9.308484584227162684e-02 9.958972639637692081e-02 5.193293179326557985e-02 5.807367048370593726e-02 2.971429122503713161e-02 4.443329853139001140e-02 1.463019686318838275e-01 7.628473463476041772e-02
9.170851037645399995e-02 9.877106948600450353e-02 3.684550146586636210e-02 1.467375729406246720e-01 3.206445534965544214e-02 5.874092136522762742e-02 1.324982416818879516e-01 7.269531972799370134e-02 9.461544245418979093e-02 9.968772424456168180e-02 5.492148283232051176e-02 5.917237618534387789e-02 2.971429122503713161e-02 4.443329853139001140e-02 1.463019686318838275e-01 7.628473463476041772e-02
9.407139340866624289e-02 1.058758001085623457e-01 3.684550146586636210e-02 1.467375729406246720e-01 3.206445534965544214e-02 5.874092136522762742e-02 1.345106422110902145e-01 8.400522151559697281e-02 9.461544245418979093e-02 1.053204167069623498e-01 5.858204770893807312e-02 5.917237618534387789e-02 3.027798617331840803e-02 5.613501475233753646e-02 1.463019686318838275e-01 7.722851807304481619e-02
9.788445572846520004e-02 1.058758001085623457e-01 3.684550146586636210e-02 1.496304891208653509e-01 3.206445534965544214e-02 6.283345887912850092e-02 1.426326742694397076e-01 8.400522151559697281e-02 9.666057616364201466e-02 1.128278701685852536e-01 6.470522843691962900e-02 5.917237618534387789e-02 3.588657403353410352e-02 5.725506125071951058e-02 1.463019686318838275e-01 7.722851807304481619e-02
9.788445572846520004e-02 1.058758001085623457e-01 3.782241928320652369e-02 1.496304891208653509e-01 3.206445534965544214e-02 6.345205931333178229e-02 1.429055536203428511e-01 9.251009713085023289e-02 9.666057616364201466e-02 1.128278701685852536e-01 6.470522843691962900e-02 5.917237618534387789e-02 3.588657403353410352e-02 5.725506125071951058e-02 1.549894274770146074e-01 7.763929319729875878e-02
9.788445572846520004e-02 1.135266536445562191e-01 4.539002244138845565e-02 1.496857180646348207e-01 3.206445534965544214e-02 6.345205931333178229e-02 1.429055536203428511e-01 9.538347049379175546e-02 9.707728864273973413e-02 1.128278701685852536e-01 6.470522843691962900e-02 5.917237618534387789e-02 3.588657403353410352e-02 5.725506125071951058e-02 1.634970898220161895e-01 8.272253943381951968e-02
1.091002495151626450e-01 1.135266536445562191e-01 4.539002244138845565e-02 1.496857180646348207e-01 3.907424825479201280e-02 6.840559112846308909e-02 1.530021190482003801e-01 9.538347049379175546e-02 1.039607429543346895e-01 1.128278701685852536e-01 6.640230100996852292e-02 6.507535111766911406e-02 3.646922292265809828e-02 6.107681413205884313e-02 1.634970898220161895e-01 9.953699637725049731e-02
1.091002495151626450e-01 1.135266536445562191e-01 5.188489279655836284e-02 1.556801451980907025e-01 3.907424825479201280e-02 7.194747679102356241e-02 1.530021190482003801e-01 9.538347049379175546e-02 1.039607429543346895e-01 1.165702048823525905e-01 6.928017136488115457e-02 6.507535111766911406e-02 4.131411058597492247e-02 6.107681413205884313e-02 1.642978439430034243e-01 1.012939716255927824e-01
1.093667929268145045e-01 1.144713135309563673e-01 5.188489279655836284e-02 1.557002027952628098e-01 3.929468672667753293e-02 7.220418636933623180e-02 1.530021190482003801e-01 9.683393094435810422e-02 1.039607429543346895e-01 1.165702048823525905e-01 6.928017136488115457e-02 6.507535111766911406e-02 4.131411058597492247e-02 6.209749551859156114e-02 1.642978439430034243e-01 1.012939716255927824e-01
1.093667929268145045e-01 1.144713135309563673e-01 5.188489279655836284e-02 1.561905857580126733e-01 4.016954946953289057e-02 7.220418636933623180e-02 1.539767531395785094e-01 9.683393094435810422e-02 1.039607429543346895e-01 1.165702048823525905e-01 7.052599739637571696e-02 6.695582647342163130e-02 4.131411058597492247e-02 6.209749551859156114e-02 1.642978439430034243e-01 1.012939716255927824e-01
1.093667929268145045e-01 1.144713135309563673e-01 5.213741855714072726e-02 1.570137100631602556e-01 4.016954946953289057e-02 7.220418636933623180e-02 1.541477403598533191e-01 9.756763026384861204e-02 1.040236951236260809e-01 1.167565438522046861e-01 7.052599739637571696e-02 6.695582647342163130e-02 4.131411058597492247e-02 6.264134115640443423e-02 1.642978439430034243e-01 1.012939716255927824e-01
1.093667929268145045e-01 1.144713135309563673e-01 5.430142155060480036e-02 1.570137100631602556e-01 4.016954946953289057e-02 7.326079326574522210e-02 1.541477403598533191e-01 9.796913583547553483e-02 1.040236951236260809e-01 1.179614278551138346e-01 7.192152867065922106e-02 6.695582647342163130e-02 4.190030433543225769e-02 6.449969217205697714e-02 1.642978439430034243e-01 1.012939716255927824e-01
1.093667929268145045e-01 1.144713135309563673e-01 5.456439361067544347e-02 1.579408346810779185e-01 4.045841575674216650e-02 7.326079326574522210e-02 1.542872606213414044e-01 9.796913583547553483e-02 1.040236951236260809e-01 1.179614278551138346e-01 7.192152867065922106e-02 6.695582647342163130e-02 4.190030433543225769e-02 6.449969217205697714e-02 1.652410495633881982e-01 1.012939716255927824e-01
1.093667929268145045e-01 1.152929919856511276e-01 5.456439361067544347e-02 1.585726220466856518e-01 4.045841575674216650e-02 7.326079326574522210e-02 1.544756351843564190e-01 9.796913583547553483e-02 1.061309872301521295e-01 1.179614278551138346e-01 7.344875712278070568e-02 6.695582647342163130e-02 4.368741756518917940e-02 6.533577705700882587e-02 1.671447871875120228e-01 1.012939716255927824e-01
1.093667929268145045e-01 1.152929919856511276e-01 5.456439361067544347e-02 1.585726220466856518e-01 4.055916351778311724e-02 7.326079326574522210e-02 1.544756351843564190e-01 9.796913583547553483e-02 1.061309872301521295e-01 1.179614278551138346e-01 7.423486471681428611e-02 6.742345684285014351e-02 4.460225575344545224e-02 6.533577705700882587e-02 1.671447871875120228e-01 1.015643037727178288e-01
1.093667929268145045e-01 1.153302784514509682e-01 5.526092065145879473e-02 1.589865246490773099e-01 4.055916351778311724e-02 7.326079326574522210e-02 1.544756351843564190e-01 9.796913583547553483e-02 1.061309872301521295e-01 1.179614278551138346e-01 7.423486471681428611e-02 6.762812601575243776e-02 4.495749383688300155e-02 6.533577705700882587e-02 1.671447871875120228e-01 1.015643037727178288e-01
1.093667929268145045e-01 1.153302784514509682e-01 5.610326879087779162e-02 1.589865246490773099e-01 4.062484992163353792e-02 7.326079326574522210e-02 1.544756351843564190e-01 9.814471981390861244e-02 1.061309872301521295e-01 1.184266892284999845e-01 7.423486471681428611e-02 6.762812601575243776e-02 4.495749383688300155e-02 6.533577705700882587e-02 1.671447871875120228e-01 1.015643037727178288e-01
1.093667929268145045e-01 1.153302784514509682e-01 5.610326879087779162e-02 1.590819322238701261e-01 4.078399946544228327e-02 7.363116191146690248e-02 1.551492679311523293e-01 9.875042646643532318e-02 1.061309872301521295e-01 1.184266892284999845e-01 7.423486471681428611e-02 6.762812601575243776e-02 4.495749383688300155e-02 6.533577705700882587e-02 1.671447871875120228e-01 1.015643037727178288e-01
1.119032280616297781e-01 1.153302784514509682e-01 5.667029666266354404e-02 1.590819322238701261e-01 4.078399946544228327e-02 7.363116191146690248e-02 1.551492679311523293e-01 9.875042646643532318e-02 1.061309872301521295e-01 1.184266892284999845e-01 7.452552422599856286e-02 6.788484791050564127e-02 4.495749383688300155e-02 6.533577705700882587e-02 1.671447871875120228e-01 1.018114261477506277e-01
1.130904158524749098e-01 1.153302784514509682e-01 5.667029666266354404e-02 1.594803700547799963e-01 4.078399946544228327e-02 7.363116191146690248e-02 1.551492679311523293e-01 9.875042646643532318e-02 1.061309872301521295e-01 1.184266892284999845e-01 7.482921703686390424e-02 6.788484791050564127e-02 4.495749383688300155e-02 6.592580830059296959e-02 1.671447871875120228e-01 1.024056389575379034e-01
1.130904158524749098e-01 1.153302784514509682e-01 5.694112770997605821e-02 1.594803700547799963e-01 4.078399946544228327e-02 7.381232171308302337e-02 1.551492679311523293e-01 9.875042646643532318e-02 1.061309872301521295e-01 1.184266892284999845e-01 7.482921703686390424e-02 6.788484791050564127e-02 4.589982718462692901e-02 6.592580830059296959e-02 1.672205230297592049e-01 1.024056389575379034e-01
1.130904158524749098e-01 1.169757907463235824e-01 5.694112770997605821e-02 1.594803700547799963e-01 4.078399946544228327e-02 7.381552379089045823e-02 1.551492679311523293e-01 9.875042646643532318e-02 1.061309872301521295e-01 1.184266892284999845e-01 7.483978791624953941e-02 6.792969894437181355e-02 4.627184336989853541e-02 6.592580830059296959e-02 1.675006561549076678e-01 1.024056389575379034e-01
1.130904158524749098e-01 1.169757907463235824e-01 5.694112770997605821e-02 1.603857011847408809e-01 4.078399946544228327e-02 7.381552379089045823e-02 1.551492679311523293e-01 9.875042646643532318e-02 1.061309872301521295e-01 1.184266892284999845e-01 7.483978791624953941e-02 6.803193428931551823e-02 4.688147636908013283e-02 6.592580830059296959e-02 1.675006561549076678e-01 1.025998804255122826e-01
1.137054514798204047e-01 1.176381558826394697e-01 5.694112770997605821e-02 1.607829120911925813e-01 4.078399946544228327e-02 7.381552379089045823e-02 1.551492679311523293e-01 9.875042646643532318e-02 1.061309872301521295e-01 1.184266892284999845e-01 7.483978791624953941e-02 6.803193428931551823e-02 4.688147636908013283e-02 6.600000473566451642e-02 1.682056452476388131e-01 1.025998804255122826e-01
1.137054514798204047e-01 1.176381558826394697e-01 5.694112770997605821e-02 1.607829120911925813e-01 4.118162674184588923e-02 7.381552379089045823e-02 1.551492679311523293e-01 9.875042646643532318e-02 1.067806574772390965e-01 1.184266892284999845e-01 7.483978791624953941e-02 6.803193428931551823e-02 4.716321337390638746e-02 6.657097144611986983e-02 1.682056452476388131e-01 1.025998804255122826e-01
1.141757933873179809e-01 1.176381558826394697e-01 5.694112770997605821e-02 1.607829120911925813e-01 4.118162674184588923e-02 7.381552379089045823e-02 1.555669412010303176e-01 9.875042646643532318e-02 1.067806574772390965e-01 1.184266892284999845e-01 7.483978791624953941e-02 6.803193428931551823e-02 4.716321337390638746e-02 6.657097144611986983e-02 1.682056452476388131e-01 1.025998804255122826e-01
