0.000000000000000000e+00
3.195180502496878017e+00
7.502268216263079381e+00
1.185961509963357940e+01
1.623247838562179624e+01
2.057511496870937862e+01
2.494440386964864587e+01
2.931485417221052714e+01
3.367645842068488093e+01
3.804455550704480515e+01
4.240055525874440434e+01
4.676805079659214215e+01
5.113785357681083354e+01
5.550308374990772364e+01
5.986896444365992664e+01
6.423871421823662331e+01
6.860689740595321950e+01
7.297569451772972116e+01
7.734095783103792598e+01
8.170945731619576691e+01
8.607841245532939922e+01
9.044802934707971076e+01
9.481815493576502263e+01
9.918685850505102053e+01
1.035560548174642577e+02
1.079258781556674194e+02
1.122957544535042587e+02
1.166660622984914255e+02
1.210333339494875275e+02
1.254031718600178920e+02
1.297712283585926230e+02
1.341402019575003237e+02
1.385090073034606064e+02
1.428787575421480653e+02
1.472497108485198396e+02
1.516199784816501221e+02
1.559896740295365305e+02
1.603598389680171010e+02
1.647296586814723298e+02
1.690989782200695970e+02
1.734690524342878462e+02
1.778397687245288523e+02
1.822097421122922754e+02
1.865795125916796167e+02
1.909498533765442119e+02
1.953195812911926623e+02
1.996890021415573813e+02
2.040594996324000761e+02
2.084291211703254589e+02
2.127987457361248289e+02
2.171687493444947563e+02
2.215390523971226457e+02
2.259093613508898670e+02
2.302791045496785785e+02
2.346489976912419877e+02
2.390187017527507578e+02
2.433890561118076050e+02
2.477589960592444527e+02
2.521294052233670016e+02
2.564997700149831417e+02
2.608700249793770922e+02
2.652402971699827958e+02
2.696106665040811095e+02
2.739813180455968791e+02
2.783512144628246006e+02
2.827213483601048551e+02
2.870918198953724527e+02
2.914624736635072395e+02
2.958329248838317085e+02
3.002030178098202100e+02
3.045733604880196026e+02
3.089437175649430856e+02
3.133140403256336981e+02
3.176844297904517020e+02
3.220542708285843219e+02
3.264241486944623034e+02
3.307936384568961330e+02
3.351637700829149367e+02
3.395332516491781689e+02
3.439038189423706058e+02
3.482754035839877815e+02
