0.000000000000000000e+00
2.904747872442217993e+00
6.806814664440937079e+00
1.070872330184936061e+01
1.455015143093452679e+01
1.844929164393019860e+01
2.234916578139596410e+01
2.624764067893313779e+01
3.014482249411707215e+01
3.404434818999035883e+01
3.794238038357395482e+01
4.184146703322599592e+01
4.574095836454475972e+01
4.964032046848571156e+01
5.353908035692538192e+01
5.743909428572120390e+01
6.133893336078791947e+01
6.523850069697596155e+01
6.913799473819587149e+01
7.303776603781390975e+01
7.693738245408763987e+01
8.083713521341624642e+01
8.473679789314059008e+01
8.863647329689712251e+01
9.253631259742525117e+01
9.643610309207491582e+01
1.003359204860913394e+02
1.042355714375273408e+02
1.081352521049813475e+02
1.120348967217219496e+02
1.159344729435370880e+02
1.198340574930494427e+02
1.237339814753534739e+02
