0.000000000000000000e+00
3.082218550931773660e+00
7.349271338385307217e+00
1.158254630447145850e+01
1.586349712123720579e+01
2.012795801070677371e+01
2.440060447140243838e+01
2.867193424444504757e+01
3.295376009405021733e+01
3.723172634230916600e+01
4.151182285048378873e+01
4.579138578815756944e+01
5.007431751917372509e+01
5.434986280038748419e+01
5.863072699627777240e+01
6.290632147817289876e+01
6.718498781058627856e+01
7.145881582109960561e+01
7.573310466941846641e+01
8.001432606723314223e+01
8.429260978627623047e+01
8.857184088410897971e+01
9.285240513902327564e+01
9.713170664513010877e+01
1.014100661972431965e+02
1.056904851425459668e+02
1.099687681105392869e+02
1.142508620205048118e+02
1.185301725000999511e+02
1.228100087085183389e+02
1.270905961753191207e+02
1.313701739685627672e+02
1.356497330431136277e+02
1.399300282487276945e+02
1.442085765361667598e+02
1.484878298603586870e+02
1.527658007470807888e+02
1.570448679509736110e+02
1.613241966888492982e+02
1.656038477444486432e+02
1.698820592633549609e+02
1.741619556263559332e+02
1.784405648959973973e+02
1.827202578971149194e+02
1.870005135181711182e+02
1.912812059250430252e+02
1.955608793940947123e+02
1.998407578414241357e+02
2.041203377319310448e+02
2.083996338844038121e+02
2.126802868449366031e+02
2.169620298710014765e+02
2.212412916395051923e+02
2.255200814307254120e+02
2.297998439809744013e+02
2.340791704567609202e+02
2.383586939957004631e+02
2.426379343293407658e+02
2.469181850266924982e+02
2.511980116230129454e+02
2.554772272419581327e+02
2.597565343928424682e+02
2.640360354678742283e+02
2.683164643386124908e+02
2.725991564586166760e+02
