0.000000000000000000e+00
3.142735750582074772e+00
7.386426741567725607e+00
1.167980239395771314e+01
1.597580317357057034e+01
2.030463115131465202e+01
2.463469171027108828e+01
2.892028805472899933e+01
3.324905570206479410e+01
3.757885339314157136e+01
4.190857026828234666e+01
4.623664948161100341e+01
5.055914621043427815e+01
5.488420266793752234e+01
5.921357726840886215e+01
6.353911331955787034e+01
6.786815081413384121e+01
7.219642481350473417e+01
7.652536396913551187e+01
8.085271172419865593e+01
8.518056328384986386e+01
8.950781757270634387e+01
9.383719731105830419e+01
9.816541648521315722e+01
1.024926289914308626e+02
1.068222111159926015e+02
1.111508643278808250e+02
1.154797878065111405e+02
1.198086926124910860e+02
1.241377993964885320e+02
1.284665406254212314e+02
1.327943561382895439e+02
1.371234545689124786e+02
1.414526617434899265e+02
1.457813453630645029e+02
1.501106623860141838e+02
1.544396287782032005e+02
1.587685482097790270e+02
1.630978200404664733e+02
1.674271146944253985e+02
1.717550268799760431e+02
1.760839668617617519e+02
1.804130891688324141e+02
1.847419721016178471e+02
1.890712705674854988e+02
1.934004452636795577e+02
1.977297163945754050e+02
2.020588698183155714e+02
2.063880674381543656e+02
2.107173300888906908e+02
2.150465418441032455e+02
2.193758033683139956e+02
2.237051736141677054e+02
2.280343649851291161e+02
2.323635274146635652e+02
2.366927855377416563e+02
2.410220770182316414e+02
2.453514251815299474e+02
2.496807058814655988e+02
2.540099832177648977e+02
2.583391732431124979e+02
2.626683443792455819e+02
2.669975063953482390e+02
2.713268897991184190e+02
2.756561352515374210e+02
2.799854779036261334e+02
2.843147487575390073e+02
2.886440147241633554e+02
2.929733388281005659e+02
2.973026617140847634e+02
3.016319573225397903e+02
3.059612691728946174e+02
3.102905628063027734e+02
3.146198760446029041e+02
3.189491159871006403e+02
3.232784813832320765e+02
3.276077874888338783e+02
3.319370849722484422e+02
3.362663624040210948e+02
3.405956075110117922e+02
3.405956075110117922e+02
