0.000000000000000000e+00
3.193027380993009867e+00
7.546995750755946197e+00
1.191673067429893784e+01
1.631729571867509065e+01
2.067383976320501304e+01
2.508602622166705132e+01
2.946802928247049636e+01
3.386114414810752038e+01
3.827847582598146658e+01
4.269563774233568409e+01
4.710493091958735334e+01
5.151605241893265230e+01
5.593255541574823297e+01
6.034834379414563443e+01
6.476647588524268429e+01
6.917437569479949389e+01
7.359271342196642252e+01
7.799831761911897843e+01
8.241221743629016316e+01
8.682385632461230784e+01
9.123354906730138225e+01
9.564999153536280119e+01
1.000589841052203610e+02
1.044746860782170046e+02
1.088906078687326016e+02
1.133079269110235714e+02
1.177246344364983770e+02
1.221371359889086534e+02
1.265538195893792164e+02
1.309701146027242089e+02
1.353850138975055586e+02
1.397999249103354771e+02
1.442151541810269464e+02
1.486325765520477376e+02
1.530502506493035639e+02
1.574672570276259762e+02
1.618845093810633102e+02
1.663020940242091115e+02
1.707197136814175735e+02
1.751365108916225495e+02
1.795537439948887766e+02
1.839702868682864789e+02
1.883879035342540931e+02
1.928051999557840190e+02
1.972224861412614132e+02
2.016397293065503220e+02
2.060571903124514392e+02
2.104749815979993741e+02
2.148928630340926134e+02
2.193104102724355187e+02
2.237266644167216896e+02
2.281441366762784355e+02
2.325613289079429364e+02
2.369785709969935112e+02
2.413962217165114623e+02
2.458140480765526092e+02
2.502315126360621775e+02
2.546493705597755763e+02
2.590671116112640107e+02
2.634844177272461252e+02
2.679022816048906179e+02
2.723198076294997918e+02
2.767374754098604512e+02
2.811551544806981155e+02
2.855727030056540912e+02
2.899904418811016740e+02
2.944082964837659233e+02
2.988261305226085369e+02
3.032438882983274766e+02
3.076616752525156926e+02
3.120793886767359595e+02
3.164971944974875555e+02
3.209149124250735099e+02
3.253327043188014045e+02
3.297505320003124325e+02
3.341683656100146891e+02
3.385862193873196588e+02
3.430041215428193482e+02
3.474220209934597960e+02
3.518398592597423544e+02
3.562576965710470063e+02
3.606755231278059455e+02
3.650933738950106999e+02
3.695111681720800334e+02
3.739289921770740648e+02
3.783468564323700321e+02
3.827646967123877744e+02
3.871824848182633900e+02
3.916003408494564155e+02
3.960181243554907837e+02
4.004359569005414983e+02
4.048537686831363658e+02
4.092715066019885626e+02
4.136893664089771505e+02
4.181071456705295759e+02
4.225250858117215671e+02
