0.000000000000000000e+00
3.233323390139487330e+00
7.658065564382356527e+00
1.196238027874521848e+01
1.638203568024258061e+01
2.079938084279488564e+01
2.522040186424015573e+01
2.965028475592741586e+01
3.406801700582460057e+01
3.849797456400660423e+01
4.292734364571851557e+01
4.735800120244699940e+01
5.178840780206999739e+01
5.621833905792888686e+01
6.064849098158651941e+01
6.507856249730350839e+01
6.950658938975280421e+01
7.393413055420208480e+01
7.836182010719944913e+01
8.279153398055058233e+01
8.722116655370005844e+01
9.164924253224862127e+01
9.607832497490149137e+01
1.005074838417413474e+02
1.049325319016892735e+02
1.093617195685398826e+02
1.137887078062942692e+02
1.182175952156518122e+02
1.226397047972693315e+02
1.270646598565027716e+02
1.314927220142655528e+02
1.359216732258526577e+02
1.403519151844463977e+02
1.447798823122628846e+02
1.492085773274825442e+02
1.536350005566754646e+02
1.580625415063751404e+02
1.624912665063778832e+02
1.669188239785027292e+02
1.713423558169492935e+02
1.757671158610046973e+02
1.801955275136015757e+02
1.846250555512598339e+02
1.890521384559422415e+02
1.934800560187317444e+02
1.979090285962105042e+02
2.023353852763570444e+02
2.067619181317631671e+02
2.111872592015736814e+02
2.156160283964638893e+02
2.200433668790288095e+02
2.244712033198370307e+02
2.288987120107438500e+02
2.333285612858093714e+02
2.377559823327148649e+02
2.421810285312906217e+02
2.466103032869655749e+02
2.510400213896793389e+02
2.554677800976223807e+02
2.598951085129077114e+02
2.643197065638491949e+02
2.687484075397433116e+02
2.731768728258892338e+02
2.776047857366076528e+02
2.820331280783850048e+02
2.864599694700953592e+02
2.908868335038273472e+02
2.953102348010387459e+02
2.997360614609008280e+02
3.041629172491937538e+02
3.085921798024953659e+02
3.130190514175114345e+02
3.174471168443482725e+02
3.218702069094171634e+02
3.262953557559161482e+02
3.307224841661815162e+02
3.351485660389135433e+02
3.395756914563643818e+02
3.440016698113030884e+02
3.484286405320316362e+02
3.528615862054782042e+02
