0.000000000000000000e+00
3.256796166558850736e+00
7.542739143441667515e+00
1.201642046812998821e+01
1.644306432861754530e+01
2.091448239116996888e+01
2.540007822607057975e+01
2.986335785391743514e+01
3.434843641695646710e+01
3.884356748790001035e+01
4.331834908397316752e+01
4.780990486630589231e+01
5.230142064220770237e+01
5.679337970912888522e+01
6.128859762974496306e+01
6.578039409730185128e+01
7.027321637965587797e+01
7.475815431266985911e+01
7.925075483972983648e+01
8.374200494956801322e+01
8.823290856131828264e+01
9.272283974329171485e+01
9.721624082302655268e+01
1.017103964250090229e+02
1.062035375182517640e+02
1.106956794192836071e+02
1.151898085832029466e+02
1.196829226359442657e+02
1.241763733635593780e+02
1.286701162478715617e+02
1.331639440865482982e+02
1.376567239577237274e+02
1.421503221760092686e+02
1.466436360379410928e+02
1.511377544996730080e+02
1.556305295270775559e+02
1.601231472579111994e+02
1.646161969376081231e+02
1.691093771433292545e+02
1.736031549110001322e+02
1.780973437124451095e+02
1.825914007402170682e+02
1.870848154653630218e+02
1.915790243526428469e+02
1.960733497977951743e+02
2.005670248151673434e+02
2.050612375475709541e+02
2.095552963936117976e+02
2.140493173607573851e+02
2.185433486827887464e+02
2.230374145446130569e+02
2.275317194063682962e+02
2.320247527429499428e+02
2.365186890318553310e+02
2.410126917918925074e+02
2.455066347226069183e+02
2.500005976017601483e+02
2.544947807763459764e+02
2.589891294847788004e+02
2.634827794580241971e+02
2.679769214278803702e+02
2.724709011138045867e+02
2.769651914489530213e+02
2.814595045097915431e+02
2.859537188900426941e+02
2.904479839434094401e+02
2.949422659992341664e+02
2.994366610387772880e+02
3.039310429593369918e+02
3.084252500692288095e+02
3.129194410340896297e+02
3.174136362145248427e+02
3.219077550273216275e+02
3.264018238138489210e+02
3.308961534031871565e+02
3.353903693133098045e+02
3.398845776965598020e+02
3.443789189919921228e+02
3.488732513154812978e+02
3.533675946490095043e+02
3.578617583692653739e+02
3.623560743906517700e+02
3.668502476283520082e+02
3.713445352711191845e+02
3.758388290799268248e+02
3.803331200463169921e+02
3.848273858909899445e+02
3.893217404758195244e+02
3.938160690425465305e+02
3.983103834741336868e+02
4.028047151186148085e+02
4.072990292222879702e+02
4.117933673164731090e+02
4.162876980370123192e+02
4.207820490444993311e+02
4.252764099078346476e+02
4.297707546868880968e+02
4.342650825050088201e+02
4.387593681781283408e+02
4.432536572275201934e+02
4.477479853339432339e+02
4.522422886629395862e+02
4.567365995489817010e+02
4.612308458635920374e+02
4.657252240035716113e+02
4.702195428001943469e+02
4.747138734498213353e+02
4.792081463852061347e+02
4.837024150668502784e+02
4.881967670539647770e+02
4.926910918720180916e+02
4.971853608849085049e+02
5.016797779276919869e+02
