0.000000000000000000e+00
3.267374587454133561e+00
7.763729499992575001e+00
1.226111578109412470e+01
1.678876532104249719e+01
2.130245455743193261e+01
2.582712583447694499e+01
3.035390219247584653e+01
3.487148539515716550e+01
3.939533646110369602e+01
4.392141133809159470e+01
4.844330199552888416e+01
5.296162098804109775e+01
5.748261671895998859e+01
6.200598381219155897e+01
6.653183476912424510e+01
7.104959600986333612e+01
7.557247003112864547e+01
8.009396673422533297e+01
8.461551977377169464e+01
8.913738123260495172e+01
9.366370346152163506e+01
9.818776917555868522e+01
1.027106875122190530e+02
1.072331645411271523e+02
1.117576147798672679e+02
1.162813203197063814e+02
1.208052619291451037e+02
1.253261644028255830e+02
1.298488448828859703e+02
1.343676807682728622e+02
1.388905518186327868e+02
1.434066783665646199e+02
1.479305416097438979e+02
1.524523353223603692e+02
1.569727072104174965e+02
1.614940545914311656e+02
1.660171105655773545e+02
1.705393823415989516e+02
1.750582472784906258e+02
1.795820779296946910e+02
1.841052190944851930e+02
1.886212009267648853e+02
1.931409058296778483e+02
1.976622211683161652e+02
2.021851637917442588e+02
2.067088136985536266e+02
2.112311087142440442e+02
2.157544549977438919e+02
2.202737408927935121e+02
2.247933644555253352e+02
2.293131324953471051e+02
2.338339834176333625e+02
2.383532995365213765e+02
2.428736233205854660e+02
2.473948435665653847e+02
2.519147183634319163e+02
2.564326135174870842e+02
2.609554229917660564e+02
2.654766545154427604e+02
2.699959238792562815e+02
2.745170220041962921e+02
2.790376093212407795e+02
2.835597265037950478e+02
2.880804696745118463e+02
2.925983056011406802e+02
2.971203032253121137e+02
3.016412035847052380e+02
3.061642216464483113e+02
3.106837214812254615e+02
3.152046290376250681e+02
3.197251738480107974e+02
3.242430543355545183e+02
3.287653467285963416e+02
3.332856507843748091e+02
3.378083732322202195e+02
3.423312145548053991e+02
3.468496035414236189e+02
3.513685707290558184e+02
3.558881588403947376e+02
3.604063813233910878e+02
3.649256565902792886e+02
3.694394547848791035e+02
3.739648928910235668e+02
3.784878418089334104e+02
3.830089885888126560e+02
3.875311093553605701e+02
3.920505930856600685e+02
3.965718718770601754e+02
4.010917215402028546e+02
4.056090150720355041e+02
4.101300420276242562e+02
4.146499659491199168e+02
4.191717066075861453e+02
4.236881037468147042e+02
4.282088926673746982e+02
4.327345114575970229e+02
