0.000000000000000000e+00 0.000000000000000000e+00 0.000000000000000000e+00 0.000000000000000000e+00 0.000000000000000000e+00 0.000000000000000000e+00 0.000000000000000000e+00 0.000000000000000000e+00 0.000000000000000000e+00 0.000000000000000000e+00 0.000000000000000000e+00 0.000000000000000000e+00 0.000000000000000000e+00 0.000000000000000000e+00 0.000000000000000000e+00 0.000000000000000000e+00 0.000000000000000000e+00 0.000000000000000000e+00 0.000000000000000000e+00 0.000000000000000000e+00 0.000000000000000000e+00 0.000000000000000000e+00 0.000000000000000000e+00 0.000000000000000000e+00
0.000000000000000000e+00 0.000000000000000000e+00 2.222204133839235027e-03 0.000000000000000000e+00 7.471433576316469788e-04 0.000000000000000000e+00 5.536923560637360339e-03 0.000000000000000000e+00 0.000000000000000000e+00 4.213633991251321959e-03 1.151798178419680824e-03 5.918352306020224773e-03 2.327111012158371295e-03 1.863281058674479823e-03 3.685666835951728615e-03 4.743161719290688721e-04 3.261846955941512249e-03 5.529349796423154231e-03 0.000000000000000000e+00 3.836336983340614751e-03 2.657878334602712528e-03 1.693690069428556086e-03 0.000000000000000000e+00 2.604882318794644533e-03
6.230238747130910013e-03 3.893199877174975850e-03 2.222204133839235027e-03 1.456761730349420692e-03 7.471433576316469788e-04 1.149873425143263517e-03 6.485766213118812976e-03 0.000000000000000000e+00 0.000000000000000000e+00 9.532321624456283407e-03 1.140859659087156003e-02 1.612814068636691384e-02 3.782588908462614086e-03 7.337876151053634999e-03 8.413698295165198543e-03 4.743161719290688721e-04 7.947202770792931650e-03 5.529349796423154231e-03 0.000000000000000000e+00 8.107957404853269670e-03 2.657878334602712528e-03 3.096973282924984916e-03 3.977839766830795418e-03 4.678534965497048448e-03
6.849428455832859593e-03 8.681539964634674492e-03 1.170751168251626950e-02 1.456761730349420692e-03 1.147648047104155022e-03 1.149873425143263517e-03 1.718975912307062898e-02 2.414110419717692066e-02 1.272342933378143442e-02 9.532321624456283407e-03 1.441532341267751441e-02 1.612814068636691384e-02 1.410904523208842375e-02 1.286069476714324367e-02 9.481159784129885443e-03 1.159593395204971955e-02 2.315045284674184523e-02 8.648481404445068979e-03 0.000000000000000000e+00 2.097804084498981758e-02 2.657878334602712528e-03 3.765141373656531558e-03 3.977839766830795418e-03 4.678534965497048448e-03
6.849428455832859593e-03 8.681539964634674492e-03 1.391208190550732512e-02 6.806633116981193263e-03 1.408659220187367944e-03 3.731839575696227485e-03 1.718975912307062898e-02 3.152307812305420176e-02 1.716567396876001600e-02 1.315964020419208014e-02 1.441532341267751441e-02 1.667811346343441026e-02 1.410904523208842375e-02 1.565912726963734555e-02 1.518149148566913867e-02 1.843683092047500999e-02 2.464586237344499123e-02 1.738699070154775539e-02 1.002766318335056826e-02 2.272904621795969818e-02 6.638817993919956736e-03 9.930267200374522096e-03 1.187469797837896121e-02 4.678534965497048448e-03
9.068591774876899603e-03 8.681539964634674492e-03 2.450197109369503523e-02 6.806633116981193263e-03 2.771100734999403653e-03 3.804394476080830145e-03 1.903839845787733132e-02 3.687528224049074765e-02 2.606268798263905451e-02 1.728264643418953028e-02 1.676249333089594243e-02 1.667811346343441026e-02 1.410904523208842375e-02 2.054023872080179558e-02 1.518149148566913867e-02 2.104818526162625936e-02 3.039104660095048871e-02 2.335289612316814034e-02 1.002766318335056826e-02 2.786747141356918367e-02 1.013318604129212139e-02 1.333514039935579376e-02 1.644155430896176995e-02 4.678534965497048448e-03
9.122440226781484973e-03 8.681539964634674492e-03 2.493184332795903013e-02 7.372400227781083365e-03 3.187736272936422637e-03 4.012862300539373622e-03 2.026291127817325677e-02 3.779425888918352960e-02 2.606268798263905451e-02 1.826988755032275466e-02 1.736708576765929116e-02 1.675985085376947847e-02 1.453107380455524733e-02 2.111220661766436898e-02 1.518149148566913867e-02 2.104818526162625936e-02 3.230999404954459919e-02 2.335289612316814034e-02 1.027096330306237829e-02 2.786747141356918367e-02 1.114056932016975129e-02 1.333684996169977668e-02 1.701719170313072127e-02 4.716468936296989295e-03
9.328352416332350364e-03 8.681539964634674492e-03 2.524809126886506938e-02 7.372400227781083365e-03 3.187736272936422637e-03 4.012862300539373622e-03 2.026291127817325677e-02 3.790829750533042386e-02 2.606268798263905451e-02 1.826988755032275466e-02 1.754228975238887253e-02 1.710384738714638975e-02 1.460699326574399493e-02 2.144181934965416758e-02 1.551372403095810024e-02 2.132468695014592269e-02 3.270743391615837936e-02 2.380926606701664477e-02 1.064254875727854710e-02 2.809973534074094309e-02 1.114056932016975129e-02 1.352411703275301774e-02 1.748757285381313809e-02 5.187626764763548365e-03
9.328352416332350364e-03 8.681539964634674492e-03 2.810747635293513180e-02 7.372400227781083365e-03 3.187736272936422637e-03 5.537236720089433462e-03 2.169379203570542813e-02 3.823829571789971737e-02 2.756766303890141601e-02 1.826988755032275466e-02 1.780207432014528635e-02 1.710384738714638975e-02 1.650760369523870952e-02 2.402575722996047602e-02 1.551372403095810024e-02 2.280318746177645295e-02 3.280360974768309346e-02 2.380926606701664477e-02 1.161442234714572634e-02 2.853863974688644611e-02 1.318612169605697278e-02 1.567701567073835622e-02 1.923949542942730850e-02 5.187626764763548365e-03
9.656394926142210233e-03 8.681539964634674492e-03 2.830140564535543052e-02 7.372400227781083365e-03 4.127315060708028338e-03 5.537236720089433462e-03 2.179301261883741583e-02 3.889201633605027242e-02 2.828868130994825758e-02 1.912013249807373305e-02 1.780207432014528635e-02 1.774232939910284912e-02 1.650760369523870952e-02 2.462574707675892899e-02 1.604364258380053254e-02 2.295579174759034002e-02 3.322831222555086561e-02 2.447509172244891062e-02 1.192256139804120235e-02 2.853863974688644611e-02 1.318612169605697278e-02 1.605814005307593106e-02 1.923949542942730850e-02 6.347301261619408067e-03
9.870628932813693690e-03 8.681539964634674492e-03 2.830140564535543052e-02 7.828188411867241514e-03 4.127315060708028338e-03 6.253752928531586264e-03 2.179301261883741583e-02 3.889201633605027242e-02 2.828868130994825758e-02 1.912013249807373305e-02 1.826820911659776669e-02 1.803435936643263404e-02 1.650760369523870952e-02 2.491309374784746872e-02 1.604364258380053254e-02 2.342568836429996526e-02 3.322831222555086561e-02 2.447509172244891062e-02 1.208458337201184785e-02 2.896814396320927798e-02 1.318612169605697278e-02 1.626591912855182565e-02 1.947244014064544726e-02 6.347301261619408067e-03
9.870628932813693690e-03 8.789570389044421700e-03 2.830140564535543052e-02 7.828188411867241514e-03 4.348734475972393376e-03 6.253752928531586264e-03 2.179301261883741583e-02 3.899821087866951752e-02 2.831326626069508023e-02 1.912013249807373305e-02 1.826820911659776669e-02 1.803435936643263404e-02 1.658717154988140902e-02 2.523912369295845323e-02 1.605144156625589943e-02 2.342568836429996526e-02 3.399093270040145359e-02 2.481316757592013506e-02 1.217364540111499221e-02 2.935630078031810017e-02 1.368430637814500514e-02 1.636440139605382926e-02 1.947244014064544726e-02 6.347301261619408067e-03
9.870628932813693690e-03 9.053867857915481876e-03 2.830140564535543052e-02 8.273268335562328213e-03 4.672272129850264105e-03 6.576703621437238190e-03 2.179301261883741583e-02 3.958916004047729337e-02 2.831326626069508023e-02 1.929251774038519274e-02 1.826820911659776669e-02 1.873157532615769144e-02 1.711614887516783867e-02 2.523912369295845323e-02 1.605144156625589943e-02 2.371261307257727102e-02 3.399093270040145359e-02 2.532462733899620844e-02 1.219272067620290334e-02 2.935630078031810017e-02 1.417462956674721969e-02 1.636440139605382926e-02 2.015192232052243071e-02 6.547201897852877872e-03
9.870628932813693690e-03 9.053867857915481876e-03 2.875553263007636640e-02 8.784110397538312520e-03 4.672272129850264105e-03 7.671326088176597113e-03 2.180750439645186625e-02 3.958916004047729337e-02 2.885614631842500777e-02 2.045683556168673145e-02 1.864027405579806243e-02 1.909571953735099414e-02 1.769728303853138063e-02 2.523912369295845323e-02 1.630983573111952079e-02 2.371261307257727102e-02 3.399093270040145359e-02 2.587008325604926370e-02 1.219272067620290334e-02 2.979630804787207835e-02 1.485080422437620035e-02 1.685413373876423759e-02 2.093787538335931814e-02 7.482161966202695302e-03
1.002007032463498107e-02 9.053867857915481876e-03 2.875553263007636640e-02 8.942978155859399036e-03 4.672272129850264105e-03 7.964358238709223770e-03 2.180750439645186625e-02 3.990542084738279982e-02 2.906243151718877413e-02 2.057907448095941394e-02 1.864027405579806243e-02 1.909571953735099414e-02 1.821481160993079079e-02 2.523912369295845323e-02 1.656985197070781624e-02 2.371261307257727102e-02 3.402028304530334279e-02 2.587008325604926370e-02 1.243171239010588958e-02 2.987996597299020368e-02 1.487796966515847127e-02 1.689830462197194558e-02 2.128675552093754059e-02 7.726520977121655032e-03
1.002007032463498107e-02 9.053867857915481876e-03 2.914090462981278051e-02 8.942978155859399036e-03 4.672272129850264105e-03 8.241089258305578369e-03 2.191282615624684169e-02 3.993391296409980196e-02 2.906243151718877413e-02 2.066421837269881087e-02 1.864027405579806243e-02 1.920203612128545956e-02 1.821481160993079079e-02 2.523912369295845323e-02 1.696651668537019902e-02 2.371261307257727102e-02 3.405128566941584972e-02 2.619413261804790991e-02 1.287986809073327771e-02 2.987996597299020368e-02 1.487796966515847127e-02 1.689830462197194558e-02 2.128675552093754059e-02 7.799662149899688757e-03
1.008377643735676454e-02 9.867462109319673561e-03 2.959042807918698531e-02 8.942978155859399036e-03 4.672272129850264105e-03 8.559032689620434814e-03 2.191282615624684169e-02 4.065747764525057956e-02 2.906243151718877413e-02 2.066421837269881087e-02 1.864027405579806243e-02 1.945098624441431862e-02 1.926006810435161240e-02 2.523912369295845323e-02 1.735325670686555660e-02 2.510357304441506246e-02 3.405128566941584972e-02 2.701696897798910868e-02 1.287986809073327771e-02 3.057634856596472966e-02 1.525370736257514181e-02 1.689830462197194558e-02 2.129982163078129875e-02 7.985392201606452897e-03
1.008377643735676454e-02 9.867462109319673561e-03 2.963229719259852929e-02 9.025544996402540265e-03 4.672272129850264105e-03 8.559032689620434814e-03 2.191282615624684169e-02 4.072366833801019381e-02 2.919854045053652675e-02 2.090417211573127737e-02 1.864954337619610658e-02 1.945098624441431862e-02 1.926006810435161240e-02 2.523912369295845323e-02 1.735325670686555660e-02 2.510357304441506246e-02 3.410045280513827187e-02 2.716045624000698600e-02 1.287986809073327771e-02 3.057634856596472966e-02 1.539580702737051998e-02 1.689830462197194558e-02 2.129982163078129875e-02 8.001566528022863167e-03
1.050868228941252702e-02 9.867462109319673561e-03 2.963229719259852929e-02 9.025544996402540265e-03 4.672272129850264105e-03 8.559032689620434814e-03 2.242532699811203289e-02 4.072366833801019381e-02 3.028931601937730200e-02 2.130229171192674076e-02 1.864954337619610658e-02 1.952748584120842651e-02 1.949132708224340926e-02 2.601708268044536365e-02 1.735325670686555660e-02 2.531351646037903469e-02 3.443910340151044858e-02 2.716045624000698600e-02 1.345038693025894447e-02 3.140915808561144107e-02 1.613381447264072843e-02 1.757204783315099994e-02 2.129982163078129875e-02 8.039988629127164943e-03
1.064910381083895852e-02 1.051088202795824600e-02 2.963229719259852929e-02 9.025544996402540265e-03 4.672272129850264105e-03 8.559032689620434814e-03 2.277632205392068898e-02 4.113761914309190665e-02 3.056936952456914061e-02 2.130229171192674076e-02 1.910973975631345689e-02 1.990738699180816945e-02 1.949132708224340926e-02 2.613709798565452477e-02 1.770017617048254277e-02 2.531351646037903469e-02 3.443910340151044858e-02 2.745926804814232541e-02 1.371059566846366540e-02 3.140915808561144107e-02 1.613381447264072843e-02 1.765106604552294650e-02 2.138431422682124383e-02 8.039988629127164943e-03
1.064910381083895852e-02 1.087847483683327537e-02 2.985174270123870308e-02 9.025544996402540265e-03 4.672272129850264105e-03 8.930018305508741205e-03 2.350316756442361738e-02 4.113761914309190665e-02 3.056936952456914061e-02 2.149356457522717465e-02 1.910973975631345689e-02 2.015264032425248542e-02 1.986226998877419977e-02 2.624348937760477909e-02 1.770017617048254277e-02 2.531351646037903469e-02 3.474294798665207573e-02 2.745926804814232541e-02 1.396629155629099464e-02 3.140915808561144107e-02 1.613381447264072843e-02 1.765106604552294650e-02 2.138431422682124383e-02 8.039988629127164943e-03
1.096988638470008937e-02 1.087847483683327537e-02 2.985174270123870308e-02 9.025544996402540265e-03 4.672272129850264105e-03 9.041854896313508000e-03 2.350316756442361738e-02 4.120615399624291686e-02 3.172426017844714313e-02 2.149356457522717465e-02 1.922956812188771417e-02 2.041689541833591193e-02 1.986226998877419977e-02 2.624348937760477909e-02 1.791115101019613576e-02 2.531351646037903469e-02 3.474294798665207573e-02 2.752609262107045748e-02 1.432576574348782064e-02 3.140915808561144107e-02 1.613381447264072843e-02 1.766364388758034920e-02 2.227049283065415247e-02 8.055521413240285256e-03
1.115357397906136146e-02 1.155667691928395115e-02 3.031654413684847782e-02 9.025544996402540265e-03 4.672272129850264105e-03 9.500127955380584244e-03 2.350316756442361738e-02 4.152541139294341210e-02 3.172426017844714313e-02 2.155815056470047897e-02 1.922956812188771417e-02 2.067399858291378914e-02 1.989453703987538458e-02 2.624348937760477909e-02 1.796580169120811504e-02 2.531351646037903469e-02 3.474294798665207573e-02 2.781948670295539272e-02 1.432576574348782064e-02 3.140915808561144107e-02 1.689406264494635462e-02 1.806179069971604323e-02 2.227049283065415247e-02 8.352201580345663956e-03
1.120942845891991987e-02 1.203447657557443762e-02 3.031654413684847782e-02 9.300890619600821196e-03 4.672272129850264105e-03 9.598778784448931678e-03 2.350316756442361738e-02 4.152541139294341210e-02 3.172426017844714313e-02 2.155815056470047897e-02 1.922956812188771417e-02 2.067399858291378914e-02 1.989453703987538458e-02 2.643611668155158509e-02 1.806859029667536379e-02 2.531351646037903469e-02 3.478724294242704212e-02 2.798654774616219504e-02 1.432576574348782064e-02 3.140915808561144107e-02 1.695400128504331860e-02 1.835895868433586736e-02 2.227049283065415247e-02 8.352201580345663956e-03
1.120942845891991987e-02 1.230061575489193107e-02 3.031654413684847782e-02 9.359915729945753049e-03 5.163692532874422647e-03 9.598778784448931678e-03 2.350316756442361738e-02 4.152541139294341210e-02 3.172426017844714313e-02 2.155815056470047897e-02 1.936042215334055072e-02 2.099936078400486961e-02 2.033594071107813761e-02 2.643611668155158509e-02 1.821735527240551586e-02 2.531351646037903469e-02 3.525570956249812066e-02 2.822164905944694532e-02 1.434030568396931458e-02 3.140915808561144107e-02 1.695400128504331860e-02 1.835895868433586736e-02 2.227049283065415247e-02 8.649674223605074985e-03
1.120942845891991987e-02 1.276246822443359574e-02 3.031654413684847782e-02 9.800153700818088273e-03 5.163692532874422647e-03 9.598778784448931678e-03 2.370556374565069291e-02 4.152541139294341210e-02 3.172426017844714313e-02 2.193038877550179677e-02 2.004360896309932347e-02 2.099936078400486961e-02 2.041454833650378775e-02 2.643611668155158509e-02 1.859369610119131211e-02 2.536008836786050186e-02 3.525570956249812066e-02 2.822164905944694532e-02 1.465775605679695004e-02 3.163436333673542988e-02 1.695400128504331860e-02 1.835895868433586736e-02 2.272726065231991249e-02 8.649674223605074985e-03
1.120942845891991987e-02 1.276246822443359574e-02 3.031654413684847782e-02 1.001615365491659304e-02 5.163692532874422647e-03 1.004601560852332043e-02 2.378513180676716798e-02 4.152541139294341210e-02 3.188376314516661036e-02 2.193038877550179677e-02 2.004360896309932347e-02 2.099936078400486961e-02 2.041454833650378775e-02 2.654344033892868521e-02 1.885428945107886500e-02 2.536008836786050186e-02 3.525570956249812066e-02 2.822164905944694532e-02 1.476427970351323893e-02 3.183844240545972981e-02 1.695400128504331860e-02 1.835895868433586736e-02 2.272726065231991249e-02 8.649674223605074985e-03
1.120942845891991987e-02 1.277645273000516113e-02 3.057098350788958752e-02 1.036838818757360170e-02 5.163692532874422647e-03 1.006922329717808984e-02 2.378513180676716798e-02 4.158177775178871494e-02 3.188376314516661036e-02 2.215484056166591720e-02 2.004360896309932347e-02 2.099936078400486961e-02 2.041454833650378775e-02 2.654344033892868521e-02 1.885428945107886500e-02 2.536008836786050186e-02 3.525570956249812066e-02 2.822164905944694532e-02 1.498155340905606842e-02 3.183844240545972981e-02 1.702853746941466323e-02 1.857978982183122046e-02 2.272726065231991249e-02 8.649674223605074985e-03
1.147493736820742044e-02 1.285974967194566942e-02 3.057347221546195815e-02 1.036838818757360170e-02 5.163692532874422647e-03 1.006922329717808984e-02 2.422195333434656872e-02 4.158177775178871494e-02 3.188376314516661036e-02 2.215484056166591720e-02 2.004360896309932347e-02 2.099936078400486961e-02 2.041454833650378775e-02 2.675446739052628892e-02 1.885428945107886500e-02 2.536008836786050186e-02 3.545262926525083458e-02 2.841641729654537096e-02 1.498155340905606842e-02 3.224210301002918694e-02 1.702853746941466323e-02 1.902932157155134280e-02 2.272726065231991249e-02 8.649674223605074985e-03
1.147493736820742044e-02 1.285974967194566942e-02 3.057347221546195815e-02 1.054345013550515159e-02 5.163692532874422647e-03 1.014519345780829501e-02 2.422195333434656872e-02 4.158177775178871494e-02 3.188376314516661036e-02 2.215484056166591720e-02 2.005667526958253288e-02 2.115335168132568416e-02 2.047315065511080834e-02 2.675446739052628892e-02 1.897267885047343450e-02 2.536008836786050186e-02 3.545262926525083458e-02 2.860436651017659107e-02 1.517592471799426163e-02 3.224210301002918694e-02 1.702853746941466323e-02 1.902932157155134280e-02 2.279281483737811975e-02 8.761047463327523155e-03
1.147493736820742044e-02 1.285974967194566942e-02 3.073053933977794305e-02 1.054345013550515159e-02 5.497764184532259735e-03 1.014519345780829501e-02 2.422195333434656872e-02 4.158177775178871494e-02 3.201675064932169024e-02 2.215484056166591720e-02 2.011929078080214664e-02 2.115335168132568416e-02 2.061715100903072084e-02 2.675446739052628892e-02 1.897267885047343450e-02 2.536008836786050186e-02 3.545262926525083458e-02 2.868962266459582078e-02 1.555688296142038185e-02 3.224210301002918694e-02 1.702853746941466323e-02 1.932925488573076361e-02 2.279281483737811975e-02 8.761047463327523155e-03
1.147493736820742044e-02 1.285974967194566942e-02 3.073053933977794305e-02 1.088142101568458781e-02 5.504500493397504989e-03 1.026557990563503608e-02 2.422195333434656872e-02 4.158177775178871494e-02 3.201675064932169024e-02 2.215484056166591720e-02 2.011929078080214664e-02 2.130135127585046015e-02 2.061715100903072084e-02 2.675446739052628892e-02 1.897267885047343450e-02 2.536008836786050186e-02 3.546603877216925049e-02 2.868962266459582078e-02 1.556790870704841470e-02 3.234442664207140550e-02 1.702853746941466323e-02 1.932925488573076361e-02 2.279281483737811975e-02 8.761047463327523155e-03
1.161651519381271674e-02 1.285974967194566942e-02 3.073053933977794305e-02 1.095813350326097640e-02 5.504500493397504989e-03 1.028762027793912043e-02 2.438382369235730235e-02 4.175066873364130515e-02 3.201675064932169024e-02 2.215484056166591720e-02 2.011929078080214664e-02 2.130135127585046015e-02 2.061715100903072084e-02 2.678751755348685037e-02 1.897267885047343450e-02 2.536008836786050186e-02 3.546603877216925049e-02 2.883418946828442131e-02 1.564233666801356087e-02 3.234442664207140550e-02 1.702853746941466323e-02 1.938725443028006118e-02 2.279281483737811975e-02 8.761047463327523155e-03
1.161651519381271674e-02 1.285974967194566942e-02 3.080379431872810186e-02 1.095813350326097640e-02 5.674649737398959094e-03 1.042633755775800378e-02 2.438382369235730235e-02 4.188013570222892668e-02 3.201675064932169024e-02 2.234447322970822825e-02 2.016399332154666241e-02 2.133002989164957397e-02 2.080788293827140478e-02 2.679412442564391150e-02 1.897267885047343450e-02 2.536008836786050186e-02 3.546603877216925049e-02 2.883418946828442131e-02 1.564233666801356087e-02 3.234442664207140550e-02 1.702853746941466323e-02 1.938725443028006118e-02 2.290588820294785222e-02 8.761047463327523155e-03
1.161651519381271674e-02 1.296426756029189775e-02 3.080379431872810186e-02 1.095813350326097640e-02 6.006974659185711218e-03 1.042633755775800378e-02 2.438382369235730235e-02 4.188013570222892668e-02 3.201675064932169024e-02 2.234447322970822825e-02 2.055570098686176905e-02 2.133002989164957397e-02 2.106727700101641843e-02 2.679412442564391150e-02 1.897267885047343450e-02 2.536008836786050186e-02 3.546603877216925049e-02 2.883418946828442131e-02 1.564233666801356087e-02 3.239918114632636681e-02 1.717063641210547081e-02 1.959650341694941372e-02 2.290588820294785222e-02 8.761047463327523155e-03
1.161651519381271674e-02 1.296426756029189775e-02 3.080379431872810186e-02 1.095813350326097640e-02 6.170054695233819636e-03 1.042633755775800378e-02 2.449815482454729618e-02 4.188013570222892668e-02 3.201675064932169024e-02 2.234447322970822825e-02 2.055749658591677492e-02 2.151392454298526116e-02 2.106727700101641843e-02 2.679412442564391150e-02 1.897267885047343450e-02 2.536008836786050186e-02 3.547679080136638408e-02 2.883418946828442131e-02 1.564233666801356087e-02 3.239918114632636681e-02 1.717063641210547081e-02 1.959650341694941372e-02 2.290588820294785222e-02 8.802545688539744478e-03
1.161651519381271674e-02 1.296426756029189775e-02 3.117235348181682242e-02 1.102055533539667009e-02 6.170054695233819636e-03 1.042633755775800378e-02 2.460979368692051139e-02 4.188013570222892668e-02 3.201675064932169024e-02 2.244103471690550577e-02 2.055749658591677492e-02 2.170032371711272390e-02 2.106727700101641843e-02 2.682699827287135519e-02 1.897267885047343450e-02 2.536008836786050186e-02 3.547679080136638408e-02 2.883418946828442131e-02 1.564233666801356087e-02 3.239918114632636681e-02 1.717063641210547081e-02 1.959650341694941372e-02 2.290588820294785222e-02 9.040833255108987609e-03
1.161651519381271674e-02 1.296426756029189775e-02 3.117235348181682242e-02 1.115044618339561602e-02 6.232511618208629728e-03 1.042633755775800378e-02 2.482541153216167792e-02 4.188013570222892668e-02 3.201675064932169024e-02 2.244103471690550577e-02 2.055749658591677492e-02 2.170032371711272390e-02 2.106727700101641843e-02 2.682699827287135519e-02 1.897267885047343450e-02 2.536008836786050186e-02 3.547679080136638408e-02 2.883418946828442131e-02 1.564233666801356087e-02 3.239918114632636681e-02 1.717063641210547081e-02 1.959650341694941372e-02 2.290588820294785222e-02 9.329849414967839039e-03
1.161651519381271674e-02 1.307458785163362336e-02 3.117235348181682242e-02 1.115044618339561602e-02 6.232511618208629728e-03 1.042633755775800378e-02 2.482541153216167792e-02 4.188013570222892668e-02 3.201675064932169024e-02 2.244103471690550577e-02 2.055749658591677492e-02 2.172300362653697275e-02 2.147546910623971891e-02 2.685076198851189463e-02 1.897267885047343450e-02 2.536008836786050186e-02 3.547679080136638408e-02 2.883418946828442131e-02 1.564233666801356087e-02 3.270059381841772944e-02 1.717063641210547081e-02 1.959650341694941372e-02 2.290588820294785222e-02 9.580966078317487700e-03
1.161651519381271674e-02 1.307458785163362336e-02 3.132059557150624479e-02 1.124823996343414512e-02 6.232511618208629728e-03 1.042633755775800378e-02 2.482541153216167792e-02 4.188013570222892668e-02 3.210856276466508147e-02 2.244103471690550577e-02 2.057075870015988295e-02 2.172300362653697275e-02 2.147546910623971891e-02 2.685076198851189463e-02 1.897267885047343450e-02 2.552075045733204206e-02 3.557702761285183590e-02 2.883568678284421927e-02 1.564233666801356087e-02 3.270059381841772944e-02 1.717063641210547081e-02 1.975738343889824056e-02 2.302080747955415063e-02 9.666937340857092997e-03
1.161651519381271674e-02 1.307458785163362336e-02 3.132059557150624479e-02 1.124823996343414512e-02 6.477832735879252707e-03 1.056279180806996010e-02 2.482541153216167792e-02 4.188013570222892668e-02 3.210856276466508147e-02 2.265236387024632120e-02 2.057075870015988295e-02 2.172300362653697275e-02 2.177518891422287883e-02 2.685076198851189463e-02 1.897267885047343450e-02 2.552075045733204206e-02 3.557702761285183590e-02 2.883568678284421927e-02 1.579280593215422190e-02 3.277948228836180533e-02 1.726065882685283437e-02 1.975738343889824056e-02 2.302080747955415063e-02 9.666937340857092997e-03
1.161651519381271674e-02 1.337784407667978043e-02 3.132059557150624479e-02 1.124823996343414512e-02 6.477832735879252707e-03 1.056279180806996010e-02 2.517606852193914058e-02 4.188013570222892668e-02 3.210856276466508147e-02 2.265236387024632120e-02 2.057075870015988295e-02 2.182309218777078730e-02 2.177518891422287883e-02 2.710986492338827297e-02 1.897267885047343450e-02 2.552075045733204206e-02 3.557702761285183590e-02 2.935040366695622002e-02 1.579280593215422190e-02 3.277948228836180533e-02 1.735439731542774006e-02 1.975738343889824056e-02 2.341476158576938360e-02 9.666937340857092997e-03
1.161651519381271674e-02 1.346226645665559232e-02 3.132059557150624479e-02 1.124823996343414512e-02 6.477832735879252707e-03 1.056279180806996010e-02 2.520228452439710054e-02 4.188013570222892668e-02 3.230911299122288943e-02 2.265236387024632120e-02 2.057075870015988295e-02 2.182309218777078730e-02 2.190459319702880991e-02 2.710986492338827297e-02 1.897267885047343450e-02 2.552075045733204206e-02 3.557702761285183590e-02 2.935040366695622002e-02 1.579280593215422190e-02 3.277948228836180533e-02 1.735439731542774006e-02 1.975738343889824056e-02 2.363051814768368786e-02 9.666937340857092997e-03
1.161651519381271674e-02 1.346285655282189117e-02 3.132059557150624479e-02 1.124823996343414512e-02 6.477832735879252707e-03 1.056279180806996010e-02 2.520228452439710054e-02 4.188013570222892668e-02 3.230911299122288943e-02 2.265236387024632120e-02 2.057075870015988295e-02 2.182309218777078730e-02 2.190459319702880991e-02 2.731034788457926271e-02 1.927573712451304336e-02 2.552075045733204206e-02 3.557702761285183590e-02 2.935040366695622002e-02 1.627910630636026507e-02 3.277948228836180533e-02 1.746562378786471401e-02 2.023529657831758810e-02 2.391852620351642145e-02 9.666937340857092997e-03
1.161651519381271674e-02 1.346285655282189117e-02 3.132059557150624479e-02 1.124823996343414512e-02 6.477832735879252707e-03 1.071984477308245143e-02 2.520228452439710054e-02 4.188013570222892668e-02 3.230911299122288943e-02 2.265236387024632120e-02 2.075795096108035837e-02 2.182309218777078730e-02 2.190459319702880991e-02 2.767619518965602765e-02 1.983440843730449599e-02 2.552075045733204206e-02 3.557702761285183590e-02 2.935040366695622002e-02 1.652596295595788051e-02 3.277948228836180533e-02 1.748808006487934108e-02 2.023939416992021068e-02 2.411255581355938385e-02 9.666937340857092997e-03
1.161651519381271674e-02 1.364125500809302942e-02 3.132059557150624479e-02 1.164788895314364074e-02 6.477832735879252707e-03 1.071984477308245143e-02 2.520228452439710054e-02 4.195376200866007821e-02 3.230911299122288943e-02 2.265236387024632120e-02 2.075795096108035837e-02 2.182309218777078730e-02 2.190459319702880991e-02 2.806252369147244075e-02 1.983440843730449599e-02 2.552075045733204206e-02 3.559086541752010113e-02 2.935040366695622002e-02 1.652596295595788051e-02 3.277948228836180533e-02 1.748808006487934108e-02 2.023939416992021068e-02 2.431691054697361284e-02 9.666937340857092997e-03
1.161651519381271674e-02 1.364125500809302942e-02 3.132059557150624479e-02 1.164788895314364074e-02 6.477832735879252707e-03 1.077235545323271260e-02 2.529316553248374400e-02 4.195376200866007821e-02 3.230911299122288943e-02 2.265236387024632120e-02 2.075795096108035837e-02 2.194861081364820471e-02 2.190459319702880991e-02 2.806252369147244075e-02 1.983440843730449599e-02 2.552075045733204206e-02 3.562212480110815704e-02 2.935040366695622002e-02 1.652596295595788051e-02 3.277948228836180533e-02 1.758690584635194676e-02 2.023939416992021068e-02 2.431691054697361284e-02 9.710198473242080686e-03
1.161651519381271674e-02 1.364125500809302942e-02 3.132059557150624479e-02 1.190679542986572415e-02 6.477832735879252707e-03 1.123060888955922619e-02 2.529316553248374400e-02 4.195376200866007821e-02 3.230911299122288943e-02 2.265236387024632120e-02 2.075795096108035837e-02 2.194861081364820471e-02 2.190459319702880991e-02 2.806252369147244075e-02 1.983440843730449599e-02 2.552501056677183855e-02 3.562212480110815704e-02 2.935040366695622002e-02 1.652596295595788051e-02 3.289678156530073672e-02 1.773228275807045562e-02 2.023939416992021068e-02 2.431691054697361284e-02 9.713809725807057149e-03
1.161651519381271674e-02 1.364125500809302942e-02 3.132059557150624479e-02 1.190679542986572415e-02 6.477832735879252707e-03 1.123060888955922619e-02 2.529316553248374400e-02 4.195376200866007821e-02 3.230911299122288943e-02 2.265236387024632120e-02 2.075795096108035837e-02 2.194861081364820471e-02 2.190459319702880991e-02 2.806252369147244075e-02 1.983440843730449599e-02 2.552501056677183855e-02 3.562212480110815704e-02 2.935040366695622002e-02 1.652596295595788051e-02 3.289678156530073672e-02 1.773228275807045562e-02 2.023939416992021068e-02 2.431691054697361284e-02 9.713809725807057149e-03
