0.000000000000000000e+00
3.013668596336177341e+00
7.146442139967904339e+00
1.126942565503768279e+01
1.539979299585568739e+01
1.953356602937590836e+01
2.366628035621365100e+01
2.779266788152394341e+01
3.192405241313818109e+01
3.605808495736891928e+01
4.019117451372061112e+01
4.432254654288140472e+01
4.845546796194651762e+01
5.258750753535252898e+01
5.671884506854662078e+01
6.085230176796252266e+01
6.498364927541948077e+01
6.911663623615372387e+01
7.324807396520398584e+01
7.738112521068673288e+01
8.151426460737155821e+01
8.564730888101271944e+01
8.978018975986640271e+01
9.391201032620330125e+01
9.804441111748828064e+01
1.021778489773167138e+02
1.063093681842294416e+02
1.104403142764209775e+02
1.145723058704914905e+02
1.187056541756777079e+02
1.228359795036204076e+02
1.269688847967321124e+02
1.310996998074541864e+02
1.352319823130378325e+02
1.393638852009476068e+02
1.434965472589511819e+02
1.476270105923883875e+02
1.517584489898441120e+02
1.558911517154891158e+02
1.600240266377144280e+02
1.641554964953978129e+02
1.682876135796730921e+02
1.724202132407820045e+02
1.765525189318533990e+02
1.806858144737931298e+02
1.848180733450895730e+02
1.889506331089111768e+02
1.930830035593169498e+02
1.972172029402348983e+02
