0.000000000000000000e+00
3.294424637482677110e+00
7.903168681486707037e+00
1.248307639761926247e+01
1.708370764375271023e+01
2.168744507771043573e+01
2.629930639155389471e+01
3.089507808644119535e+01
3.550361111992083352e+01
4.009639526696456358e+01
4.470127665931682515e+01
4.930789076557781669e+01
5.390719614095782219e+01
5.851266931253184822e+01
6.312108148315854805e+01
6.771670197196077368e+01
7.231853991184394204e+01
7.692578239265563411e+01
8.152431060435031895e+01
8.612268891606481702e+01
9.072848690655517601e+01
9.533280342334012403e+01
9.994012372383653542e+01
1.045421046689618549e+02
1.091376319482273374e+02
1.137424659752713012e+02
1.183477953887427958e+02
1.229466607148769697e+02
1.275484802749270727e+02
1.321518167814432729e+02
1.367534224459716370e+02
1.413524286002527504e+02
1.459545731231424099e+02
1.505529023718845565e+02
1.551515492529325684e+02
1.597493697509974595e+02
1.643483777548993032e+02
1.689492950976563463e+02
1.735443336123555014e+02
1.781421865173289518e+02
1.827370467451516163e+02
1.873339513276477248e+02
1.919311670324758836e+02
1.965293412381514884e+02
2.011233233916687198e+02
2.057183373560023369e+02
2.103207080399741074e+02
2.149179445833898967e+02
2.195103033452901116e+02
2.241044977005899455e+02
2.287039195753340834e+02
2.332991919140091568e+02
2.378947490026993989e+02
2.424964443808080716e+02
2.470962196363262535e+02
2.516976546433665760e+02
2.562955577818793813e+02
2.608979448221169264e+02
2.654927391807727304e+02
2.700919673199297222e+02
2.746876278120270172e+02
2.792843679740947778e+02
2.838842615457807028e+02
2.884841758899255524e+02
2.930858831455615814e+02
2.976854364737852734e+02
3.022844174933272825e+02
3.068826526797961947e+02
3.114831294148584107e+02
3.160835975783057847e+02
3.206777089741127611e+02
3.252756191341691760e+02
3.298691447807936470e+02
3.344701780867243315e+02
3.390694433454203249e+02
3.436693593297066514e+02
3.482645518805717870e+02
3.528645610660639136e+02
3.574650245180719139e+02
3.620652116970873635e+02
3.666623838412496070e+02
3.712642315036439413e+02
3.758642525950390336e+02
3.804634637970481776e+02
3.850579668581959822e+02
3.896565899321417987e+02
3.942569897177821190e+02
3.988528398577115013e+02
4.034445368716444591e+02
4.080460637360691294e+02
4.126467686737988743e+02
4.172480036353658761e+02
4.218483757695346981e+02
4.264467636510884176e+02
4.310413556647261544e+02
4.356420225185567006e+02
4.402433168419753429e+02
4.448361996314678208e+02
4.494313628053694742e+02
4.540252859122230120e+02
4.586200132348064926e+02
4.632176898337941111e+02
4.678132205405717059e+02
4.724128009866500406e+02
4.770099993546575661e+02
4.816071027822073347e+02
4.862012745876417057e+02
4.907995632158563808e+02
4.953971187896754600e+02
4.999921910566146721e+02
5.045871145062172900e+02
5.091831463284388519e+02
5.137893547039890336e+02
