0.000000000000000000e+00
2.912111616720991059e+00
6.706225789109280910e+00
1.054318076065222876e+01
1.445115628182108303e+01
1.826531639277076025e+01
2.216349911867125755e+01
2.603885326536995848e+01
2.989868958868493465e+01
3.372200857951417419e+01
3.755370425213943975e+01
4.138053744362644437e+01
4.526254174499464966e+01
4.914777101954595651e+01
5.303171621845582706e+01
5.692121007021635393e+01
6.079986001352597214e+01
6.469005995081069216e+01
6.855851054989797433e+01
7.244826441539885309e+01
7.632490789234022088e+01
8.021333588211247445e+01
8.410462031541318595e+01
8.799565841453555493e+01
9.188521545574134564e+01
9.577483257212580270e+01
9.966569287291568457e+01
1.035542311105710240e+02
1.074427304505673391e+02
1.113329392987676556e+02
1.152193236972445334e+02
1.191078336740209380e+02
1.229996171003005259e+02
