0.000000000000000000e+00
3.241354363141972339e+00
7.725565148956253125e+00
1.218004681075176343e+01
1.668657133398598447e+01
2.115567248868176975e+01
2.568036985406757111e+01
3.020303294617111334e+01
3.471593554210225108e+01
3.924035452916660205e+01
4.375843915342242241e+01
4.825955231941040324e+01
5.278533718470507807e+01
5.730782259882327878e+01
6.183480358059136250e+01
6.636183387291983138e+01
7.089095965540533939e+01
7.542077066667222596e+01
7.994818297314181166e+01
8.447833445348938142e+01
8.900787457623049193e+01
9.353783733498796948e+01
9.806673666844008608e+01
1.025976863957720724e+02
1.071273663841204922e+02
1.116553761468166357e+02
1.161860088693373427e+02
1.207136408965906753e+02
1.252434154571982390e+02
1.297721106599248913e+02
1.342992118177682812e+02
1.388290715667575910e+02
1.433584074473158125e+02
1.478882053890901602e+02
1.524173917517977941e+02
1.569475657315104229e+02
1.614774330981103958e+02
1.660065842772538929e+02
1.705355540172774340e+02
1.750638899027583477e+02
1.795934762689848299e+02
1.841236918783526733e+02
1.886529912546737933e+02
1.931829905488935992e+02
1.977127214899973069e+02
2.022416756070977897e+02
2.067707134418680255e+02
2.113004535136264508e+02
2.158293572780256966e+02
2.203593993273663045e+02
2.248883691794570154e+02
2.294185543121554645e+02
2.339490010113744631e+02
2.384792398320222162e+02
2.430091217850288956e+02
2.475391687810992210e+02
2.520678602050154211e+02
2.565982270323157195e+02
2.611279291878130948e+02
2.656575245948395718e+02
2.701877394209446379e+02
2.747173653097428883e+02
2.792468200857924217e+02
2.837759705844702580e+02
2.883061145020635649e+02
2.928357821458581611e+02
2.973660758701910254e+02
3.018960225912504143e+02
3.064260461246286127e+02
3.109559494117547160e+02
3.154856410280438013e+02
3.200157520937717095e+02
3.245458017411360743e+02
3.290757035525174388e+02
3.336057305161280624e+02
3.381357103819549934e+02
3.426659095125474437e+02
3.471959074643365852e+02
3.517261461225783137e+02
3.562564135749998400e+02
3.607865157052092400e+02
3.653166632182077933e+02
3.698467261806620172e+02
3.743760937937823883e+02
3.789062950785108796e+02
3.834361892793043012e+02
3.879661431983790862e+02
3.924957051283779492e+02
3.970257670037248658e+02
4.015560847837349456e+02
4.060861640594842470e+02
4.106160453751429600e+02
4.151455673331561798e+02
4.196756854648266994e+02
4.242055896001404562e+02
4.287357200789039666e+02
4.332653733271812939e+02
4.377954747592635272e+02
4.423256983951599182e+02
4.468552540573113561e+02
4.513853342816971121e+02
4.559149780225167774e+02
4.604450833371042791e+02
4.649754203821157148e+02
4.695050914752261519e+02
4.740351180160560602e+02
4.785652049621869537e+02
4.830950859379058784e+02
4.876248335243626570e+02
4.921538744405530110e+02
4.966838993739124248e+02
5.012133632297006898e+02
5.057428357327327149e+02
