0.000000000000000000e+00
2.861840411921779737e+00
2.862353675863831270e+00
2.862353675863831270e+00
2.862353675863831270e+00
2.862353675863831270e+00
2.862353675863831270e+00
2.862353675863831270e+00
2.862353675863831270e+00
2.862353675863831270e+00
2.862353675863831270e+00
2.862353675863831270e+00
2.862353675863831270e+00
2.862353675863831270e+00
2.862353675863831270e+00
2.862353675863831270e+00
2.862353675863831270e+00
2.862353675863831270e+00
2.862353675863831270e+00
2.862353675863831270e+00
2.862353675863831270e+00
2.862353675863831270e+00
2.862353675863831270e+00
2.862353675863831270e+00
2.862353675863831270e+00
2.862353675863831270e+00
2.862353675863831270e+00
2.862353675863831270e+00
2.862353675863831270e+00
2.862353675863831270e+00
2.862353675863831270e+00
2.862353675863831270e+00
2.862353675863831270e+00
2.862353675863831270e+00
2.862353675863831270e+00
2.862353675863831270e+00
2.862353675863831270e+00
2.862353675863831270e+00
2.862353675863831270e+00
2.862353675863831270e+00
2.862353675863831270e+00
2.862353675863831270e+00
2.862353675863831270e+00
2.862353675863831270e+00
2.862353675863831270e+00
2.862353675863831270e+00
2.862353675863831270e+00
2.862353675863831270e+00
2.862353675863831270e+00
