0.000000000000000000e+00
3.691047452904141934e+00
3.691047452904141934e+00
3.691047452904141934e+00
3.691047452904141934e+00
3.691047452904141934e+00
3.691047452904141934e+00
3.691047452904141934e+00
3.691047452904141934e+00
3.691047452904141934e+00
3.691047452904141934e+00
3.691047452904141934e+00
3.691047452904141934e+00
3.691047452904141934e+00
3.691047452904141934e+00
3.691047452904141934e+00
3.691047452904141934e+00
3.691047452904141934e+00
3.691047452904141934e+00
3.691047452904141934e+00
3.691047452904141934e+00
3.691047452904141934e+00
3.691047452904141934e+00
3.691047452904141934e+00
3.691047452904141934e+00
3.691047452904141934e+00
3.691047452904141934e+00
3.691047452904141934e+00
3.691047452904141934e+00
3.691047452904141934e+00
3.691047452904141934e+00
3.691047452904141934e+00
3.691047452904141934e+00
3.691047452904141934e+00
3.691047452904141934e+00
3.691047452904141934e+00
3.691047452904141934e+00
3.691047452904141934e+00
3.691047452904141934e+00
3.691047452904141934e+00
3.691047452904141934e+00
3.691047452904141934e+00
3.691047452904141934e+00
3.691047452904141934e+00
3.691047452904141934e+00
3.691047452904141934e+00
3.691047452904141934e+00
3.691047452904141934e+00
3.691047452904141934e+00
3.691047452904141934e+00
3.691047452904141934e+00
3.691047452904141934e+00
3.691047452904141934e+00
3.691047452904141934e+00
3.691047452904141934e+00
3.691047452904141934e+00
3.691047452904141934e+00
3.691047452904141934e+00
3.691047452904141934e+00
3.691047452904141934e+00
3.691047452904141934e+00
3.691047452904141934e+00
3.691047452904141934e+00
3.691047452904141934e+00
3.691047452904141934e+00
3.691047452904141934e+00
3.691047452904141934e+00
3.691047452904141934e+00
3.691047452904141934e+00
3.691047452904141934e+00
3.691047452904141934e+00
3.691047452904141934e+00
3.691047452904141934e+00
3.691047452904141934e+00
3.691047452904141934e+00
3.691047452904141934e+00
3.691047452904141934e+00
3.691047452904141934e+00
3.691047452904141934e+00
3.691047452904141934e+00
3.691047452904141934e+00
3.691047452904141934e+00
3.691047452904141934e+00
3.691047452904141934e+00
3.691047452904141934e+00
3.691047452904141934e+00
3.691047452904141934e+00
3.691047452904141934e+00
3.691047452904141934e+00
3.691047452904141934e+00
3.691047452904141934e+00
3.691047452904141934e+00
3.691047452904141934e+00
3.691047452904141934e+00
3.691047452904141934e+00
3.691047452904141934e+00
3.691047452904141934e+00
3.691047452904141934e+00
3.691047452904141934e+00
3.691047452904141934e+00
3.691047452904141934e+00
3.691047452904141934e+00
3.691047452904141934e+00
3.691047452904141934e+00
3.691047452904141934e+00
3.691047452904141934e+00
3.691047452904141934e+00
3.691047452904141934e+00
3.691047452904141934e+00
3.691047452904141934e+00
3.691047452904141934e+00
3.691047452904141934e+00
3.691047452904141934e+00
