0.000000000000000000e+00
3.147946305214136764e+00
3.147946305214136764e+00
3.147946305214136764e+00
3.147946305214136764e+00
3.147946305214136764e+00
3.147946305214136764e+00
3.147946305214136764e+00
3.147946305214136764e+00
3.147946305214136764e+00
3.147946305214136764e+00
3.147946305214136764e+00
3.147946305214136764e+00
3.147946305214136764e+00
3.147946305214136764e+00
3.147946305214136764e+00
3.147946305214136764e+00
3.147946305214136764e+00
3.147946305214136764e+00
3.147946305214136764e+00
3.147946305214136764e+00
3.147946305214136764e+00
3.147946305214136764e+00
3.147946305214136764e+00
3.147946305214136764e+00
3.147946305214136764e+00
3.147946305214136764e+00
3.147946305214136764e+00
3.147946305214136764e+00
3.147946305214136764e+00
3.147946305214136764e+00
3.147946305214136764e+00
3.147946305214136764e+00
3.147946305214136764e+00
3.147946305214136764e+00
3.147946305214136764e+00
3.147946305214136764e+00
3.147946305214136764e+00
3.147946305214136764e+00
3.147946305214136764e+00
3.147946305214136764e+00
3.147946305214136764e+00
3.147946305214136764e+00
3.147946305214136764e+00
3.147946305214136764e+00
3.147946305214136764e+00
3.147946305214136764e+00
3.147946305214136764e+00
3.147946305214136764e+00
3.147946305214136764e+00
3.147946305214136764e+00
3.147946305214136764e+00
3.147946305214136764e+00
3.147946305214136764e+00
3.147946305214136764e+00
3.147946305214136764e+00
3.147946305214136764e+00
3.147946305214136764e+00
3.147946305214136764e+00
3.147946305214136764e+00
3.147946305214136764e+00
3.147946305214136764e+00
3.147946305214136764e+00
3.147946305214136764e+00
3.147946305214136764e+00
3.147946305214136764e+00
3.147946305214136764e+00
3.147946305214136764e+00
3.147946305214136764e+00
3.147946305214136764e+00
3.147946305214136764e+00
3.147946305214136764e+00
3.147946305214136764e+00
3.147946305214136764e+00
3.147946305214136764e+00
3.147946305214136764e+00
3.147946305214136764e+00
3.147946305214136764e+00
3.147946305214136764e+00
3.147946305214136764e+00
3.147946305214136764e+00
