0.000000000000000000e+00
3.254800146948803263e+00
7.565795162802238849e+00
1.201230527499226675e+01
1.641926141416532658e+01
2.086905850730288137e+01
2.532474052270573850e+01
2.978200454247309281e+01
3.422565034161453212e+01
3.867208269162965451e+01
4.313108746256122572e+01
4.759021081511034623e+01
5.203174598867533263e+01
5.648122669628656212e+01
6.094063150489645864e+01
6.539874856237514678e+01
6.985146779795900329e+01
7.430724435080566082e+01
7.876680378916543646e+01
8.321611580067904868e+01
8.766996033363122365e+01
9.212927704259760731e+01
9.658772046418356183e+01
1.010462469757237898e+02
1.055056912983790909e+02
1.099630314310450245e+02
1.144225373906203203e+02
1.188822388460081214e+02
1.233407486375272697e+02
1.277999889738489259e+02
1.322573046390716911e+02
1.367161675651657333e+02
1.411720242391987483e+02
1.456299050788697116e+02
1.500869793203281688e+02
1.545453068163864145e+02
1.590029796390637955e+02
1.634621908870475693e+02
1.679205546440275043e+02
1.723790891378479841e+02
1.768380543876065474e+02
1.812966481866681647e+02
1.857546216976279538e+02
1.902132351421124383e+02
1.946719097076816070e+02
1.991310815916999672e+02
2.035899465916153019e+02
2.080479132280956662e+02
2.125068048125001496e+02
2.169658984141331644e+02
2.214247567401700962e+02
2.258835181312183806e+02
2.303420480520861133e+02
2.348006670928936899e+02
2.392601137030082157e+02
2.437187679386582602e+02
2.481772556912624452e+02
2.526362691803989833e+02
2.570945884187598267e+02
2.615540103060416186e+02
2.660128143918079786e+02
2.704714412173104279e+02
2.749309015252346171e+02
2.793892222655681508e+02
2.838483851819213442e+02
2.883070849074401281e+02
2.927659766931762420e+02
2.972244793137255101e+02
3.016835538718250973e+02
3.061426294083175321e+02
3.106016951604464680e+02
3.150604073507863632e+02
3.195193482491565078e+02
3.239783032265559655e+02
3.284376924381123217e+02
3.328969143409815956e+02
3.373557552936946422e+02
3.418148192422406169e+02
3.462741582613523406e+02
3.507330257905328494e+02
3.551920947834269100e+02
3.596512725116916158e+02
3.641099132071019540e+02
3.685688718196274749e+02
3.730277839395827755e+02
3.774865677974137839e+02
3.819456584275062028e+02
3.864039911951610975e+02
3.908629770349270984e+02
3.953219410905446125e+02
3.997811720067187480e+02
4.042398314718129768e+02
4.086985570794468003e+02
4.131574188060339452e+02
4.176163621256552574e+02
4.220753082636848603e+02
4.265351128073878044e+02
