0.000000000000000000e+00
3.016002789993035282e+00
7.106686085359375404e+00
1.117743018535206367e+01
1.523365536048144264e+01
1.932432184410022558e+01
2.341314150737284194e+01
2.750866323345719522e+01
3.160430985765109568e+01
3.570045303145565896e+01
3.979373842898533553e+01
4.388316508495897494e+01
4.797775132266158948e+01
5.207305906433108333e+01
5.616544705311595465e+01
6.026018440132472875e+01
6.435415776640981278e+01
6.844883704798770907e+01
7.254335279849385643e+01
7.663800533331891529e+01
8.073211963281426051e+01
8.482587412322823184e+01
8.892097314059161306e+01
9.301518932450746036e+01
9.711028767124777517e+01
1.012052497815618750e+02
1.052994409208664877e+02
1.093941825200889184e+02
1.134889340001689959e+02
1.175839908349570493e+02
1.216789780995937491e+02
1.257738956792435516e+02
1.298685520498791277e+02
1.339631523573414995e+02
1.380582413629357177e+02
1.421531191714401245e+02
1.462479154438210571e+02
1.503428672790622329e+02
1.544377082590101793e+02
1.585327286467350518e+02
1.626276397120679178e+02
1.667226267044787278e+02
1.708176930495771444e+02
1.749125584971920375e+02
1.790073940559738617e+02
1.831021927428841423e+02
1.871971638967993670e+02
1.912919323740243556e+02
1.953871422776412601e+02
