0.000000000000000000e+00 0.000000000000000000e+00 0.000000000000000000e+00 0.000000000000000000e+00 0.000000000000000000e+00 0.000000000000000000e+00 0.000000000000000000e+00 0.000000000000000000e+00 0.000000000000000000e+00 0.000000000000000000e+00 0.000000000000000000e+00 0.000000000000000000e+00 0.000000000000000000e+00 0.000000000000000000e+00 0.000000000000000000e+00 0.000000000000000000e+00 0.000000000000000000e+00 0.000000000000000000e+00 0.000000000000000000e+00 0.000000000000000000e+00 0.000000000000000000e+00 0.000000000000000000e+00 0.000000000000000000e+00 0.000000000000000000e+00
0.000000000000000000e+00 0.000000000000000000e+00 2.063421559576365024e-03 1.583064259614353582e-03 4.112852466012571588e-04 1.344806401195899675e-03 0.000000000000000000e+00 1.052101542352268382e-02 1.076475363192580092e-03 2.422603169652953747e-03 1.433069898758147038e-03 7.172074957231627801e-03 0.000000000000000000e+00 3.369536709527373719e-03 4.737975144767324169e-03 1.697458983498989927e-03 5.094673627505500769e-04 3.342754256763888661e-03 2.634600148325632555e-03 6.311154536053288806e-03 2.956725415582190514e-03 3.155144891845498845e-03 2.039699754437378741e-03 0.000000000000000000e+00
6.113678150692150592e-04 1.597453258932675845e-03 2.063421559576365024e-03 2.813031512697281022e-03 3.112499733912726940e-03 1.344806401195899675e-03 6.588297651499831851e-04 1.102966091399634752e-02 2.169579644861759950e-03 2.422603169652953747e-03 1.433069898758147038e-03 9.182925250539319961e-03 9.736550115500581387e-04 3.369536709527373719e-03 6.046641374093386645e-03 1.697458983498989927e-03 3.218896913055865026e-03 4.954716721583049023e-03 6.353976197642718059e-03 6.784677057854361301e-03 3.961505637661844048e-03 3.188572093890196593e-03 2.370284302227671121e-03 5.721965013737589922e-04
2.820448567881328472e-03 2.868769788095977546e-03 1.164979566987173372e-02 6.562072093894144587e-03 3.112499733912726940e-03 5.978309981529150718e-03 3.319174309419123392e-03 1.102966091399634752e-02 2.169579644861759950e-03 2.708387987523824467e-03 1.164050491836834261e-02 1.789049320293340656e-02 9.736550115500581387e-04 4.649463297175415732e-03 9.176721437188563660e-03 3.859761292488689266e-03 3.218896913055865026e-03 6.482094737601376555e-03 6.353976197642718059e-03 1.115567614623813597e-02 9.367095284397400357e-03 3.188572093890196593e-03 5.665226840772419337e-03 5.721965013737589922e-04
3.131020513413448891e-03 5.381646606660110514e-03 1.419755216397078357e-02 6.846936961202898173e-03 5.302824565279811928e-03 7.511943695888118055e-03 3.319174309419123392e-03 1.146292404853944263e-02 3.716908110654310038e-03 2.708387987523824467e-03 1.265716365911728758e-02 2.012506762596250054e-02 1.945154119312064722e-03 5.940925167584732228e-03 1.047455590729844122e-02 3.859761292488689266e-03 7.156025237213120560e-03 8.521048815557645539e-03 6.383892122970259361e-03 1.182422429493865113e-02 1.020722579046307033e-02 3.188572093890196593e-03 7.587029401422518832e-03 1.313888055266893310e-03
3.131020513413448891e-03 5.381646606660110514e-03 1.452576987039061983e-02 7.215520544405114312e-03 5.597731418336427886e-03 7.511943695888118055e-03 3.319174309419123392e-03 1.245902588780732623e-02 4.602928456110377819e-03 3.257024234995582745e-03 1.380067559391629992e-02 2.012506762596250054e-02 2.885382734749301903e-03 5.940925167584732228e-03 1.166768325225930880e-02 6.037465804368480349e-03 7.569228683678395908e-03 8.521048815557645539e-03 6.383892122970259361e-03 1.287145414084691492e-02 1.130588333369149379e-02 3.188572093890196593e-03 7.900155579566338349e-03 1.313888055266893310e-03
3.951875646200791320e-03 6.069242926852016877e-03 1.507868223875412361e-02 7.215520544405114312e-03 5.597731418336427886e-03 7.511943695888118055e-03 4.586127439435856365e-03 1.265717621890266251e-02 5.852983259996998727e-03 3.661601963062270995e-03 1.380067559391629992e-02 2.042518100939240758e-02 3.295121981642848419e-03 5.940925167584732228e-03 1.245629684139980785e-02 7.764950530466090822e-03 7.947952776113202666e-03 8.583461954332035834e-03 6.670141721990319184e-03 1.414132116150312868e-02 1.130588333369149379e-02 3.744375549456148856e-03 9.307782361050655207e-03 2.047337477358709620e-03
5.794505874625332370e-03 6.069242926852016877e-03 1.507868223875412361e-02 1.025031472700844298e-02 6.565130989977480819e-03 7.511943695888118055e-03 4.594474595397798206e-03 1.528278680042493426e-02 6.426875605114011278e-03 4.768962153770117153e-03 1.830150218670628312e-02 2.063291254795988558e-02 3.348618678658980830e-03 6.170683141667628741e-03 1.446940784175409708e-02 1.177678374874203265e-02 1.267772081750210764e-02 8.583461954332035834e-03 8.479462409165704900e-03 1.648091055303524399e-02 1.535534003348879711e-02 3.744375549456148856e-03 9.307782361050655207e-03 2.829525411051747597e-03
6.678885370617399474e-03 6.191552884645075416e-03 1.507868223875412361e-02 1.199047901669773875e-02 8.256227828894093651e-03 8.999506586333874680e-03 4.594474595397798206e-03 1.531754489469065381e-02 6.426875605114011278e-03 4.768962153770117153e-03 1.830150218670628312e-02 2.074612328464201655e-02 3.554949920870851751e-03 6.773190371597266959e-03 1.446940784175409708e-02 1.201053662671824895e-02 1.282720702520502576e-02 9.203434009272431701e-03 1.060193044410695506e-02 1.728512692328157407e-02 1.535534003348879711e-02 5.751798792701184881e-03 1.013103893425456974e-02 3.249654118090792611e-03
6.899595634433784708e-03 6.893849981102550400e-03 1.507868223875412361e-02 1.199047901669773875e-02 8.355473326754592547e-03 9.916366571816971620e-03 4.594474595397798206e-03 1.556555332127830885e-02 6.426875605114011278e-03 4.768962153770117153e-03 1.830150218670628312e-02 2.074612328464201655e-02 3.721788789815520457e-03 6.773190371597266959e-03 1.470135933379971248e-02 1.205099325192189250e-02 1.282720702520502576e-02 9.563923877557556352e-03 1.146969756431880615e-02 1.728512692328157407e-02 1.535534003348879711e-02 6.068929647000601349e-03 1.121653816164429676e-02 3.303214181800902954e-03
7.173167717218367420e-03 7.926174623260614366e-03 1.552758873929604988e-02 1.259397412867402713e-02 8.355473326754592547e-03 9.916366571816971620e-03 5.061462905286081421e-03 1.557944177217507331e-02 6.822760974960526137e-03 4.768962153770117153e-03 1.835491510955729669e-02 2.114477663245190042e-02 4.485432464554080234e-03 7.403554716958637982e-03 1.470135933379971248e-02 1.223241351082981869e-02 1.282720702520502576e-02 9.579693929568852684e-03 1.146969756431880615e-02 1.737496845756719005e-02 1.550283641742256427e-02 6.334973220833151064e-03 1.129022933108832574e-02 3.303214181800902954e-03
7.173167717218367420e-03 8.829598437948490974e-03 1.639199780445977847e-02 1.315467041931754621e-02 9.597724131661534291e-03 9.916366571816971620e-03 5.061462905286081421e-03 1.582555509246571374e-02 6.822760974960526137e-03 4.768962153770117153e-03 1.835491510955729669e-02 2.164658692369133414e-02 4.485432464554080234e-03 8.309589006609391024e-03 1.617811397793080669e-02 1.223241351082981869e-02 1.282720702520502576e-02 9.579693929568852684e-03 1.302032784622271858e-02 1.737496845756719005e-02 1.600038957617121518e-02 6.890814360929108096e-03 1.147833107215446083e-02 4.670402558650831037e-03
7.956541378068757858e-03 1.003361872496455476e-02 1.696370557327457271e-02 1.315467041931754621e-02 9.770241938705258311e-03 9.916366571816971620e-03 5.061462905286081421e-03 1.599169753498026758e-02 6.822760974960526137e-03 4.768962153770117153e-03 1.867388248704681536e-02 2.164658692369133414e-02 4.603602440944059952e-03 8.821592341695209949e-03 1.617811397793080669e-02 1.240986203584519207e-02 1.353083825386286465e-02 9.579693929568852684e-03 1.302032784622271858e-02 1.737496845756719005e-02 1.627183897093021497e-02 6.912043215372968251e-03 1.147833107215446083e-02 5.017168628376963979e-03
9.076857851348131556e-03 1.032195627248350470e-02 1.783668908523594610e-02 1.315467041931754621e-02 9.770241938705258311e-03 1.052776705375879987e-02 5.061462905286081421e-03 1.599169753498026758e-02 7.121003385297604467e-03 4.768962153770117153e-03 1.950183969944536619e-02 2.228033441371761111e-02 4.603602440944059952e-03 9.438670506898023255e-03 1.632285320103432982e-02 1.247675869087867123e-02 1.353083825386286465e-02 1.019820336665066239e-02 1.327161487796021250e-02 1.769733785543763788e-02 1.627183897093021497e-02 6.912043215372968251e-03 1.202664664710061809e-02 5.017168628376963979e-03
9.076857851348131556e-03 1.122490904116720672e-02 1.861594492097960046e-02 1.315467041931754621e-02 1.080693195184068145e-02 1.125241724937448007e-02 5.061462905286081421e-03 1.599169753498026758e-02 7.531551790291655946e-03 4.999271380672214680e-03 2.050276743939460217e-02 2.319692035697989638e-02 4.603602440944059952e-03 9.624781446700429038e-03 1.632285320103432982e-02 1.260739466364346577e-02 1.353083825386286465e-02 1.071471422033851151e-02 1.331669020622808924e-02 1.899407781168782963e-02 1.627183897093021497e-02 6.912043215372968251e-03 1.202664664710061809e-02 5.765975636763133114e-03
9.358845046590895389e-03 1.122490904116720672e-02 1.907313971447701165e-02 1.353822642858784620e-02 1.105166146741800443e-02 1.126870580989848894e-02 5.061462905286081421e-03 1.599169753498026758e-02 7.768895805511419339e-03 4.999271380672214680e-03 2.084051447802938439e-02 2.319692035697989638e-02 4.655965471968670499e-03 9.624781446700429038e-03 1.632285320103432982e-02 1.341156575617294400e-02 1.353083825386286465e-02 1.071471422033851151e-02 1.373975507103339377e-02 1.905738577406139445e-02 1.627183897093021497e-02 6.912043215372968251e-03 1.239784132798149585e-02 6.288765201998247102e-03
9.639787198358795023e-03 1.317495855928443177e-02 1.935706524810194146e-02 1.379928112895862161e-02 1.105166146741800443e-02 1.126870580989848894e-02 5.061462905286081421e-03 1.617505388017358159e-02 8.118869535627386974e-03 4.999271380672214680e-03 2.097449361717599464e-02 2.319692035697989638e-02 5.040079247319570466e-03 1.090440058191691555e-02 1.632285320103432982e-02 1.404996305648398627e-02 1.367992222783399534e-02 1.071471422033851151e-02 1.515634835016059327e-02 1.905738577406139445e-02 1.627183897093021497e-02 7.644078576449758050e-03 1.270981859799468969e-02 6.288765201998247102e-03
9.639787198358795023e-03 1.317495855928443177e-02 1.935706524810194146e-02 1.436376088335985894e-02 1.105166146741800443e-02 1.152197898124290507e-02 5.251074550647272243e-03 1.653667179637319934e-02 8.432336341125975035e-03 5.001395324331692205e-03 2.097449361717599464e-02 2.348251276537069790e-02 5.040079247319570466e-03 1.090440058191691555e-02 1.632285320103432982e-02 1.404996305648398627e-02 1.367992222783399534e-02 1.071471422033851151e-02 1.542790368655685626e-02 1.962106086769128607e-02 1.633308164690468883e-02 7.644078576449758050e-03 1.270981859799468969e-02 7.313597109131819707e-03
1.040694029101985052e-02 1.317495855928443177e-02 1.996273791440653783e-02 1.458730904376257659e-02 1.140755882559574275e-02 1.164788905866532068e-02 5.939246287809396563e-03 1.711413560763169403e-02 9.310108970709052301e-03 5.500661842659393223e-03 2.097449361717599464e-02 2.368974027550476563e-02 5.040079247319570466e-03 1.090440058191691555e-02 1.632285320103432982e-02 1.404996305648398627e-02 1.401685162958512393e-02 1.125320334574252817e-02 1.542790368655685626e-02 1.981276964926595441e-02 1.633308164690468883e-02 7.644078576449758050e-03 1.270981859799468969e-02 8.276171663892769453e-03
1.060280540338446806e-02 1.317495855928443177e-02 2.043861848383991819e-02 1.458730904376257659e-02 1.214784080059898297e-02 1.167181062234781512e-02 6.186359797892428992e-03 1.711413560763169403e-02 9.490192602372160557e-03 5.500661842659393223e-03 2.097449361717599464e-02 2.368974027550476563e-02 5.293745494591071965e-03 1.090440058191691555e-02 1.632285320103432982e-02 1.404996305648398627e-02 1.401685162958512393e-02 1.125320334574252817e-02 1.542790368655685626e-02 1.981276964926595441e-02 1.687304654341570745e-02 7.895764518639575291e-03 1.270981859799468969e-02 8.395862437126130895e-03
1.060280540338446806e-02 1.317495855928443177e-02 2.062699883475656304e-02 1.458730904376257659e-02 1.232452116218902063e-02 1.238802026682912782e-02 6.186359797892428992e-03 1.711413560763169403e-02 9.901895077986151358e-03 5.500661842659393223e-03 2.097449361717599464e-02 2.368974027550476563e-02 5.899188222443479956e-03 1.090440058191691555e-02 1.641320352227283036e-02 1.404996305648398627e-02 1.401685162958512393e-02 1.150698632960400758e-02 1.576852632385007669e-02 1.989701119466842638e-02 1.687304654341570745e-02 8.064964832835360559e-03 1.270981859799468969e-02 8.395862437126130895e-03
1.060280540338446806e-02 1.343855729827225787e-02 2.062699883475656304e-02 1.481700234357674617e-02 1.276850630788995897e-02 1.248285549934467775e-02 6.186359797892428992e-03 1.720823624501745946e-02 9.901895077986151358e-03 5.500661842659393223e-03 2.097449361717599464e-02 2.368974027550476563e-02 5.899188222443479956e-03 1.090440058191691555e-02 1.641320352227283036e-02 1.449069641505867923e-02 1.401685162958512393e-02 1.222144528796442406e-02 1.576852632385007669e-02 1.989701119466842638e-02 1.687304654341570745e-02 8.064964832835360559e-03 1.345948869480322746e-02 8.877762552751959635e-03
1.060280540338446806e-02 1.348363154031877176e-02 2.062699883475656304e-02 1.499052839957106670e-02 1.276850630788995897e-02 1.303854656753272896e-02 6.186359797892428992e-03 1.767894132185167042e-02 9.901895077986151358e-03 5.500661842659393223e-03 2.097449361717599464e-02 2.368974027550476563e-02 6.029340594013859154e-03 1.090440058191691555e-02 1.658786812681506406e-02 1.449069641505867923e-02 1.422141245970361470e-02 1.223394594104583281e-02 1.637927012208452784e-02 2.016012652517522319e-02 1.687304654341570745e-02 8.064964832835360559e-03 1.355569369911295043e-02 8.877762552751959635e-03
1.060280540338446806e-02 1.348363154031877176e-02 2.062908264732509975e-02 1.528468191271006860e-02 1.317728991123241246e-02 1.344896719984944866e-02 6.186359797892428992e-03 1.767894132185167042e-02 1.063569762329135554e-02 5.500661842659393223e-03 2.097449361717599464e-02 2.368974027550476563e-02 6.113855855106663933e-03 1.156199391453049258e-02 1.658786812681506406e-02 1.449069641505867923e-02 1.422141245970361470e-02 1.300555260560881318e-02 1.637927012208452784e-02 2.016012652517522319e-02 1.687304654341570745e-02 8.492003845224735392e-03 1.373623294487973448e-02 8.877762552751959635e-03
1.060280540338446806e-02 1.360788620918620268e-02 2.088631664016629697e-02 1.528468191271006860e-02 1.317728991123241246e-02 1.381216735940365287e-02 6.186359797892428992e-03 1.800532638186531920e-02 1.063569762329135554e-02 5.772570464259926815e-03 2.100852209733232445e-02 2.368974027550476563e-02 6.113855855106663933e-03 1.156199391453049258e-02 1.709754772816096668e-02 1.458880847320803698e-02 1.426296450096131707e-02 1.373110156324652831e-02 1.675748368290347345e-02 2.023382471957668738e-02 1.687304654341570745e-02 8.492003845224735392e-03 1.373623294487973448e-02 8.877762552751959635e-03
1.060280540338446806e-02 1.360788620918620268e-02 2.088631664016629697e-02 1.595115340926572811e-02 1.317728991123241246e-02 1.393253813745093730e-02 6.315905195354408128e-03 1.800532638186531920e-02 1.063569762329135554e-02 6.060516656649424239e-03 2.100852209733232445e-02 2.368974027550476563e-02 6.564455240807013509e-03 1.156199391453049258e-02 1.709754772816096668e-02 1.473405756593228547e-02 1.426296450096131707e-02 1.391653576531122830e-02 1.675748368290347345e-02 2.023382471957668738e-02 1.687304654341570745e-02 8.492144961110928772e-03 1.422116192124856307e-02 8.877762552751959635e-03
1.060280540338446806e-02 1.407247948687022701e-02 2.088631664016629697e-02 1.595115340926572811e-02 1.317728991123241246e-02 1.410564193117797016e-02 7.077689028898541401e-03 1.800532638186531920e-02 1.063569762329135554e-02 6.060516656649424239e-03 2.129208695894620196e-02 2.449087992600595953e-02 6.564455240807013509e-03 1.196328471349478693e-02 1.709754772816096668e-02 1.537364958051850965e-02 1.426296450096131707e-02 1.391653576531122830e-02 1.707342473671707300e-02 2.023382471957668738e-02 1.692570450076567867e-02 8.492144961110928772e-03 1.422116192124856307e-02 8.877762552751959635e-03
1.060280540338446806e-02 1.407247948687022701e-02 2.088631664016629697e-02 1.626509371346830657e-02 1.317728991123241246e-02 1.410564193117797016e-02 7.077689028898541401e-03 1.822436523684950460e-02 1.116112624252762510e-02 6.060516656649424239e-03 2.129208695894620196e-02 2.514121676789828758e-02 6.564455240807013509e-03 1.213482700983235449e-02 1.720438058715407365e-02 1.537364958051850965e-02 1.484103010605567624e-02 1.488102528552308693e-02 1.707342473671707300e-02 2.023382471957668738e-02 1.759205878654930902e-02 8.492144961110928772e-03 1.496487382201189785e-02 9.441457089928578794e-03
1.060280540338446806e-02 1.407247948687022701e-02 2.088631664016629697e-02 1.638519528811153286e-02 1.317728991123241246e-02 1.410564193117797016e-02 7.077689028898541401e-03 1.822436523684950460e-02 1.116112624252762510e-02 6.417077552663592172e-03 2.129208695894620196e-02 2.561204978993637457e-02 6.868078716262590588e-03 1.229814210706287915e-02 1.720438058715407365e-02 1.537364958051850965e-02 1.484103010605567624e-02 1.488102528552308693e-02 1.765853933457943448e-02 2.023382471957668738e-02 1.759205878654930902e-02 9.050044318932127380e-03 1.496487382201189785e-02 1.081455200657826035e-02
1.060280540338446806e-02 1.416368251946428097e-02 2.088631664016629697e-02 1.639927733300794443e-02 1.317728991123241246e-02 1.410564193117797016e-02 7.621038903740333555e-03 1.822436523684950460e-02 1.116112624252762510e-02 6.417077552663592172e-03 2.140339783533789370e-02 2.561204978993637457e-02 6.950339002616000988e-03 1.229814210706287915e-02 1.730071001773672221e-02 1.537364958051850965e-02 1.484103010605567624e-02 1.500162667975860759e-02 1.769010003342254278e-02 2.023382471957668738e-02 1.777117322866031413e-02 9.050044318932127380e-03 1.496487382201189785e-02 1.081455200657826035e-02
1.060280540338446806e-02 1.416368251946428097e-02 2.103677001634793320e-02 1.683588766385673077e-02 1.317728991123241246e-02 1.461066363663547987e-02 7.621038903740333555e-03 1.822436523684950460e-02 1.227504211589503652e-02 6.417077552663592172e-03 2.152820536081501146e-02 2.572837126998681750e-02 8.332314677099772471e-03 1.229814210706287915e-02 1.734095972560208143e-02 1.537364958051850965e-02 1.484103010605567624e-02 1.500162667975860759e-02 1.778705852884897645e-02 2.023382471957668738e-02 1.892339878935042283e-02 9.531693439959389169e-03 1.496487382201189785e-02 1.081455200657826035e-02
1.101698697313350378e-02 1.429756483201310990e-02 2.103677001634793320e-02 1.683588766385673077e-02 1.317728991123241246e-02 1.461066363663547987e-02 7.621038903740333555e-03 1.822436523684950460e-02 1.227504211589503652e-02 6.476586724805149381e-03 2.152820536081501146e-02 2.572837126998681750e-02 8.332314677099772471e-03 1.229814210706287915e-02 1.749925418055456317e-02 1.546017112713094638e-02 1.484103010605567624e-02 1.500162667975860759e-02 1.795033919874982481e-02 2.049779381925218719e-02 1.901032507016410522e-02 9.531693439959389169e-03 1.496487382201189785e-02 1.081455200657826035e-02
1.101698697313350378e-02 1.429756483201310990e-02 2.158727950017487462e-02 1.683588766385673077e-02 1.317728991123241246e-02 1.530168756280791270e-02 7.621038903740333555e-03 1.885210348553168630e-02 1.227504211589503652e-02 6.476586724805149381e-03 2.152820536081501146e-02 2.572837126998681750e-02 8.332314677099772471e-03 1.229814210706287915e-02 1.749925418055456317e-02 1.546017112713094638e-02 1.484103010605567624e-02 1.581502066936727596e-02 1.795033919874982481e-02 2.049779381925218719e-02 1.914902430134618125e-02 9.689886814957814759e-03 1.560755999528465332e-02 1.124459007555177539e-02
1.111822117438077649e-02 1.460023165370705200e-02 2.158727950017487462e-02 1.683588766385673077e-02 1.317728991123241246e-02 1.550798349037526939e-02 7.621038903740333555e-03 1.901329028045831496e-02 1.227504211589503652e-02 6.476586724805149381e-03 2.152820536081501146e-02 2.572837126998681750e-02 8.332314677099772471e-03 1.229814210706287915e-02 1.772699701965430030e-02 1.546017112713094638e-02 1.515162565578220474e-02 1.586828779635341552e-02 1.795033919874982481e-02 2.049779381925218719e-02 1.914902430134618125e-02 9.689886814957814759e-03 1.592763623199289214e-02 1.197437852899185112e-02
1.111822117438077649e-02 1.460023165370705200e-02 2.158727950017487462e-02 1.701524427351027574e-02 1.317728991123241246e-02 1.550798349037526939e-02 7.621038903740333555e-03 1.936971629566741626e-02 1.247384259221002989e-02 6.476586724805149381e-03 2.152820536081501146e-02 2.661704023947946210e-02 8.332314677099772471e-03 1.229814210706287915e-02 1.772699701965430030e-02 1.546017112713094638e-02 1.515162565578220474e-02 1.589265810031444126e-02 1.866264443949346846e-02 2.049779381925218719e-02 1.914902430134618125e-02 9.689886814957814759e-03 1.607060726312070642e-02 1.219114043679829854e-02
1.111822117438077649e-02 1.460023165370705200e-02 2.158727950017487462e-02 1.701524427351027574e-02 1.317728991123241246e-02 1.557215277985543773e-02 7.621038903740333555e-03 1.980346224876606762e-02 1.247384259221002989e-02 6.476586724805149381e-03 2.152820536081501146e-02 2.661704023947946210e-02 8.411049017112570345e-03 1.229814210706287915e-02 1.821345196466965521e-02 1.546017112713094638e-02 1.538588644766817996e-02 1.600600137492264735e-02 1.866264443949346846e-02 2.067750207380062225e-02 1.914902430134618125e-02 9.689886814957814759e-03 1.621561448222665763e-02 1.219114043679829854e-02
1.111822117438077649e-02 1.541935481005220557e-02 2.220798698701006296e-02 1.715816191343600555e-02 1.317728991123241246e-02 1.557215277985543773e-02 8.343439201278574774e-03 1.980346224876606762e-02 1.247384259221002989e-02 6.476586724805149381e-03 2.202764145980040666e-02 2.756101069245622467e-02 8.411049017112570345e-03 1.257562440400026085e-02 1.856220646670059954e-02 1.546017112713094638e-02 1.565367173599536629e-02 1.600600137492264735e-02 1.866264443949346846e-02 2.067750207380062225e-02 1.914902430134618125e-02 9.689886814957814759e-03 1.621561448222665763e-02 1.219114043679829854e-02
1.111822117438077649e-02 1.541935481005220557e-02 2.220798698701006296e-02 1.715816191343600555e-02 1.317728991123241246e-02 1.557215277985543773e-02 8.343439201278574774e-03 2.034980623444448966e-02 1.247384259221002989e-02 6.476586724805149381e-03 2.273547655102992060e-02 2.814154550690517453e-02 8.411049017112570345e-03 1.257562440400026085e-02 1.856220646670059954e-02 1.546017112713094638e-02 1.565367173599536629e-02 1.600600137492264735e-02 1.903754791400502633e-02 2.067750207380062225e-02 1.917773368573534240e-02 9.996757987423995212e-03 1.621561448222665763e-02 1.278340661967644794e-02
1.116980056383912179e-02 1.541935481005220557e-02 2.220798698701006296e-02 1.715816191343600555e-02 1.317728991123241246e-02 1.557215277985543773e-02 8.343439201278574774e-03 2.034980623444448966e-02 1.247384259221002989e-02 6.476586724805149381e-03 2.273547655102992060e-02 2.875363865958732723e-02 8.411049017112570345e-03 1.299960057795601642e-02 1.856220646670059954e-02 1.546017112713094638e-02 1.580439888309032731e-02 1.621527466424356120e-02 1.903754791400502633e-02 2.067750207380062225e-02 1.917773368573534240e-02 9.996757987423995212e-03 1.621561448222665763e-02 1.278340661967644794e-02
1.167045975463930352e-02 1.541935481005220557e-02 2.220798698701006296e-02 1.715816191343600555e-02 1.317728991123241246e-02 1.557215277985543773e-02 8.343439201278574774e-03 2.035635006239096267e-02 1.247384259221002989e-02 6.476586724805149381e-03 2.273547655102992060e-02 2.875363865958732723e-02 8.411049017112570345e-03 1.299960057795601642e-02 1.856220646670059954e-02 1.546017112713094638e-02 1.615151663676783755e-02 1.621527466424356120e-02 1.903754791400502633e-02 2.067750207380062225e-02 1.917773368573534240e-02 1.006421390775378774e-02 1.628678487443037740e-02 1.278340661967644794e-02
1.180074760466374474e-02 1.638783742427563084e-02 2.220798698701006296e-02 1.715816191343600555e-02 1.317728991123241246e-02 1.557215277985543773e-02 8.665928452698701268e-03 2.035635006239096267e-02 1.262614418883737689e-02 6.476586724805149381e-03 2.273547655102992060e-02 2.875363865958732723e-02 8.411049017112570345e-03 1.299960057795601642e-02 1.856220646670059954e-02 1.546457128485035498e-02 1.624020210788978957e-02 1.621527466424356120e-02 1.943399983066906173e-02 2.120381672539888712e-02 1.922474064527384535e-02 1.006421390775378774e-02 1.628678487443037740e-02 1.278340661967644794e-02
1.199263451209731102e-02 1.705979826880506603e-02 2.220798698701006296e-02 1.715816191343600555e-02 1.355595692009843589e-02 1.557215277985543773e-02 8.665928452698701268e-03 2.035635006239096267e-02 1.262614418883737689e-02 6.476586724805149381e-03 2.273547655102992060e-02 2.875363865958732723e-02 8.411049017112570345e-03 1.299960057795601642e-02 1.884283022523152926e-02 1.546457128485035498e-02 1.624020210788978957e-02 1.621527466424356120e-02 1.943399983066906173e-02 2.151370442405068847e-02 1.922474064527384535e-02 1.058473456823812164e-02 1.628678487443037740e-02 1.278340661967644794e-02
1.199263451209731102e-02 1.705979826880506603e-02 2.220798698701006296e-02 1.715816191343600555e-02 1.355595692009843589e-02 1.560851265701564128e-02 8.665928452698701268e-03 2.104480412987391746e-02 1.282094925412966165e-02 6.509230317803371690e-03 2.314549149931871552e-02 2.875363865958732723e-02 8.411049017112570345e-03 1.299960057795601642e-02 1.884283022523152926e-02 1.546457128485035498e-02 1.624020210788978957e-02 1.621527466424356120e-02 1.943399983066906173e-02 2.151370442405068847e-02 1.922474064527384535e-02 1.058473456823812164e-02 1.628678487443037740e-02 1.336684870172657850e-02
1.201206485535522006e-02 1.705979826880506603e-02 2.220798698701006296e-02 1.727449680383585928e-02 1.355595692009843589e-02 1.562175089756475538e-02 8.665928452698701268e-03 2.104480412987391746e-02 1.282094925412966165e-02 6.509230317803371690e-03 2.314549149931871552e-02 2.888996110068930284e-02 8.536482462077416011e-03 1.361635835279173534e-02 1.884283022523152926e-02 1.546457128485035498e-02 1.624020210788978957e-02 1.621527466424356120e-02 1.943399983066906173e-02 2.151370442405068847e-02 1.999174193708994074e-02 1.058473456823812164e-02 1.628678487443037740e-02 1.336684870172657850e-02
1.201206485535522006e-02 1.705979826880506603e-02 2.220798698701006296e-02 1.727449680383585928e-02 1.355595692009843589e-02 1.562175089756475538e-02 8.665928452698701268e-03 2.104480412987391746e-02 1.282094925412966165e-02 6.509230317803371690e-03 2.314549149931871552e-02 2.888996110068930284e-02 8.665682550633525827e-03 1.361635835279173534e-02 1.896626853619901715e-02 1.546457128485035498e-02 1.624020210788978957e-02 1.621527466424356120e-02 1.953004092208524001e-02 2.151370442405068847e-02 1.999174193708994074e-02 1.058473456823812164e-02 1.628678487443037740e-02 1.359652653633247610e-02
1.234234417100310566e-02 1.705979826880506603e-02 2.241387279792661502e-02 1.727449680383585928e-02 1.364017835730587172e-02 1.562175089756475538e-02 8.665928452698701268e-03 2.104480412987391746e-02 1.282094925412966165e-02 6.509230317803371690e-03 2.314549149931871552e-02 2.888996110068930284e-02 8.665682550633525827e-03 1.361635835279173534e-02 1.896626853619901715e-02 1.546457128485035498e-02 1.630604873560469875e-02 1.621527466424356120e-02 1.953004092208524001e-02 2.151370442405068847e-02 2.019438341605450660e-02 1.114935967868420363e-02 1.631790271470908230e-02 1.359652653633247610e-02
1.234234417100310566e-02 1.705979826880506603e-02 2.241387279792661502e-02 1.727449680383585928e-02 1.364017835730587172e-02 1.562175089756475538e-02 8.665928452698701268e-03 2.104480412987391746e-02 1.285128255626657133e-02 6.509230317803371690e-03 2.336861345331256445e-02 2.922688311078257273e-02 8.911521329124399982e-03 1.361635835279173534e-02 1.896626853619901715e-02 1.555661580372858649e-02 1.630604873560469875e-02 1.621527466424356120e-02 1.953004092208524001e-02 2.151370442405068847e-02 2.028508746449055739e-02 1.114935967868420363e-02 1.669460339550710160e-02 1.359652653633247610e-02
1.234234417100310566e-02 1.705979826880506603e-02 2.241387279792661502e-02 1.727449680383585928e-02 1.364017835730587172e-02 1.562175089756475538e-02 8.665928452698701268e-03 2.104480412987391746e-02 1.294364826064002896e-02 6.509230317803371690e-03 2.367310562965485587e-02 2.922688311078257273e-02 8.911521329124399982e-03 1.361635835279173534e-02 1.937755214779239565e-02 1.561623946597023860e-02 1.679679562174433982e-02 1.621527466424356120e-02 1.953004092208524001e-02 2.151370442405068847e-02 2.028508746449055739e-02 1.114935967868420363e-02 1.669460339550710160e-02 1.359652653633247610e-02
1.234234417100310566e-02 1.705979826880506603e-02 2.241387279792661502e-02 1.727449680383585928e-02 1.364017835730587172e-02 1.562175089756475538e-02 8.665928452698701268e-03 2.104480412987391746e-02 1.294364826064002896e-02 6.509230317803371690e-03 2.367310562965485587e-02 2.922688311078257273e-02 8.911521329124399982e-03 1.361635835279173534e-02 1.937755214779239565e-02 1.561623946597023860e-02 1.679679562174433982e-02 1.621527466424356120e-02 1.953004092208524001e-02 2.151370442405068847e-02 2.028508746449055739e-02 1.114935967868420363e-02 1.669460339550710160e-02 1.359652653633247610e-02
