0.000000000000000000e+00
3.427015677237881253e+00
3.432119193159779869e+00
3.432119193159779869e+00
3.432119193159779869e+00
3.432119193159779869e+00
3.432119193159779869e+00
3.432119193159779869e+00
3.432119193159779869e+00
3.432119193159779869e+00
3.432119193159779869e+00
3.432119193159779869e+00
3.432119193159779869e+00
3.432119193159779869e+00
3.432119193159779869e+00
3.432119193159779869e+00
3.432119193159779869e+00
3.432119193159779869e+00
3.432119193159779869e+00
3.432119193159779869e+00
3.432119193159779869e+00
3.432119193159779869e+00
3.432119193159779869e+00
3.432119193159779869e+00
3.432119193159779869e+00
3.432119193159779869e+00
3.432119193159779869e+00
3.432119193159779869e+00
3.432119193159779869e+00
3.432119193159779869e+00
3.432119193159779869e+00
3.432119193159779869e+00
3.432119193159779869e+00
3.432119193159779869e+00
3.432119193159779869e+00
3.432119193159779869e+00
3.432119193159779869e+00
3.432119193159779869e+00
3.432119193159779869e+00
3.432119193159779869e+00
3.432119193159779869e+00
3.432119193159779869e+00
3.432119193159779869e+00
3.432119193159779869e+00
3.432119193159779869e+00
3.432119193159779869e+00
3.432119193159779869e+00
3.432119193159779869e+00
3.432119193159779869e+00
3.432119193159779869e+00
3.432119193159779869e+00
3.432119193159779869e+00
3.432119193159779869e+00
3.432119193159779869e+00
3.432119193159779869e+00
3.432119193159779869e+00
3.432119193159779869e+00
3.432119193159779869e+00
3.432119193159779869e+00
3.432119193159779869e+00
3.432119193159779869e+00
3.432119193159779869e+00
3.432119193159779869e+00
3.432119193159779869e+00
3.432119193159779869e+00
3.432119193159779869e+00
3.432119193159779869e+00
3.432119193159779869e+00
3.432119193159779869e+00
3.432119193159779869e+00
3.432119193159779869e+00
3.432119193159779869e+00
3.432119193159779869e+00
3.432119193159779869e+00
3.432119193159779869e+00
3.432119193159779869e+00
3.432119193159779869e+00
3.432119193159779869e+00
3.432119193159779869e+00
3.432119193159779869e+00
3.432119193159779869e+00
3.432119193159779869e+00
3.432119193159779869e+00
3.432119193159779869e+00
3.432119193159779869e+00
3.432119193159779869e+00
3.432119193159779869e+00
3.432119193159779869e+00
3.432119193159779869e+00
3.432119193159779869e+00
3.432119193159779869e+00
3.432119193159779869e+00
3.432119193159779869e+00
3.432119193159779869e+00
3.432119193159779869e+00
3.432119193159779869e+00
3.432119193159779869e+00
3.432119193159779869e+00
3.432119193159779869e+00
3.432119193159779869e+00
3.432119193159779869e+00
3.432119193159779869e+00
3.432119193159779869e+00
3.432119193159779869e+00
3.432119193159779869e+00
3.432119193159779869e+00
3.432119193159779869e+00
3.432119193159779869e+00
3.432119193159779869e+00
3.432119193159779869e+00
3.432119193159779869e+00
3.432119193159779869e+00
3.432119193159779869e+00
