0.000000000000000000e+00
2.735666623550596643e+00
2.735666623550596643e+00
2.735666623550596643e+00
2.735666623550596643e+00
2.735666623550596643e+00
2.735666623550596643e+00
2.735666623550596643e+00
2.735666623550596643e+00
2.735666623550596643e+00
2.735666623550596643e+00
2.735666623550596643e+00
2.735666623550596643e+00
2.735666623550596643e+00
2.735666623550596643e+00
2.735666623550596643e+00
2.735666623550596643e+00
2.735666623550596643e+00
2.735666623550596643e+00
2.735666623550596643e+00
2.735666623550596643e+00
2.735666623550596643e+00
2.735666623550596643e+00
2.735666623550596643e+00
2.735666623550596643e+00
2.735666623550596643e+00
2.735666623550596643e+00
2.735666623550596643e+00
2.735666623550596643e+00
2.735666623550596643e+00
2.735666623550596643e+00
2.735666623550596643e+00
2.735666623550596643e+00
2.735666623550596643e+00
2.735666623550596643e+00
2.735666623550596643e+00
2.735666623550596643e+00
2.735666623550596643e+00
2.735666623550596643e+00
2.735666623550596643e+00
2.735666623550596643e+00
2.735666623550596643e+00
2.735666623550596643e+00
2.735666623550596643e+00
2.735666623550596643e+00
2.735666623550596643e+00
2.735666623550596643e+00
2.735666623550596643e+00
2.735666623550596643e+00
