0.000000000000000000e+00 0.000000000000000000e+00 0.000000000000000000e+00 0.000000000000000000e+00 0.000000000000000000e+00 0.000000000000000000e+00 0.000000000000000000e+00 0.000000000000000000e+00 0.000000000000000000e+00 0.000000000000000000e+00 0.000000000000000000e+00 0.000000000000000000e+00 0.000000000000000000e+00 0.000000000000000000e+00 0.000000000000000000e+00 0.000000000000000000e+00
2.331649196370069038e-02 1.205818259028852354e-02 0.000000000000000000e+00 0.000000000000000000e+00 1.646430348745902064e-02 1.541428785821334982e-02 1.637843800028235958e-02 2.366172236077303953e-02 4.404009422242971018e-03 0.000000000000000000e+00 4.392852176463258110e-03 0.000000000000000000e+00 8.559805372081896735e-03 1.146055423929617269e-02 0.000000000000000000e+00 0.000000000000000000e+00
1.149128136539591533e-01 6.111833346609444467e-02 0.000000000000000000e+00 4.323145248249150863e-02 1.646430348745902064e-02 7.230597953272012435e-02 3.569787912876958014e-02 6.158659082137774021e-02 2.651297890907257371e-02 1.141277817789693172e-02 4.392852176463258110e-03 6.672237584740363381e-02 3.773538027579492748e-02 1.146055423929617269e-02 8.193264065185598688e-02 1.105290967684124243e-02
1.149128136539591533e-01 6.111833346609444467e-02 0.000000000000000000e+00 4.710427301012912182e-02 1.646430348745902064e-02 7.249051715916933480e-02 1.052725764773221329e-01 8.606082074210322230e-02 5.029865340230918469e-02 1.141277817789693172e-02 4.392852176463258110e-03 6.935860132398259659e-02 5.220597708382257451e-02 2.801962058711637837e-02 1.435740260561998716e-01 1.304728199229115981e-02
1.265275003118496444e-01 7.083673405851916016e-02 0.000000000000000000e+00 5.055104635790554080e-02 1.646430348745902064e-02 8.247904853009943582e-02 1.052725764773221329e-01 8.910857490188917041e-02 5.029865340230918469e-02 1.229653618700983844e-02 4.392852176463258110e-03 6.935860132398259659e-02 5.220597708382257451e-02 2.996524256335972303e-02 1.435740260561998716e-01 1.826033179913119642e-02
1.265275003118496444e-01 7.083673405851916016e-02 3.223018108173346385e-02 6.893271958616903339e-02 1.646430348745902064e-02 8.247904853009943582e-02 1.077230537375562514e-01 1.326072774889061057e-01 8.153484556393923721e-02 1.229653618700983844e-02 3.800546458105782954e-02 9.661152170545106443e-02 9.464747340767853956e-02 6.140514509524921949e-02 1.435740260561998716e-01 6.310664839528357106e-02
1.265275003118496444e-01 7.083673405851916016e-02 3.223018108173346385e-02 6.893271958616903339e-02 1.704458553390374859e-02 8.807197696271984455e-02 1.177124749321666886e-01 1.331396068963641710e-01 8.153484556393923721e-02 1.229653618700983844e-02 3.800546458105782954e-02 9.661152170545106443e-02 9.464747340767853956e-02 6.149702058724495352e-02 1.435740260561998716e-01 7.410192478145494199e-02
1.539087431595584921e-01 7.128742671619235638e-02 3.223018108173346385e-02 6.893271958616903339e-02 1.704458553390374859e-02 9.700217413730660709e-02 1.209309415290995560e-01 1.500162380307982768e-01 9.797491334539289165e-02 1.861404991860156344e-02 3.800546458105782954e-02 9.661152170545106443e-02 9.464747340767853956e-02 6.149702058724495352e-02 1.502260612655190730e-01 7.410192478145494199e-02
1.539087431595584921e-01 8.167966884501612346e-02 4.571029578288079293e-02 6.893271958616903339e-02 1.704458553390374859e-02 1.124475498606365420e-01 1.209309415290995560e-01 1.590791830139950402e-01 9.797491334539289165e-02 2.684736574420268362e-02 3.800546458105782954e-02 1.115902371816291372e-01 1.175404573266707886e-01 7.628528473979478974e-02 1.548594798556935381e-01 7.770049666195960603e-02
1.539087431595584921e-01 8.396671416003037569e-02 8.156060722301577970e-02 8.257275128560130628e-02 2.502237442848568444e-02 1.124475498606365420e-01 1.209309415290995560e-01 1.772740220789610355e-01 1.043957368011082937e-01 2.684736574420268362e-02 3.800546458105782954e-02 1.580125312271861149e-01 1.398296127095143837e-01 9.752157365382879695e-02 1.548594798556935381e-01 9.080668448704187767e-02
1.539087431595584921e-01 9.789949670192808762e-02 8.156060722301577970e-02 8.257275128560130628e-02 2.502237442848568444e-02 1.218333013561322953e-01 1.495153793099667783e-01 1.772740220789610355e-01 1.043957368011082937e-01 5.017857057237140594e-02 3.800546458105782954e-02 1.700038149139291022e-01 1.492228504676336165e-01 1.227499058029684065e-01 1.798349496740432596e-01 1.004251930450574537e-01
1.652593798855208629e-01 9.789949670192808762e-02 8.324763677783408866e-02 8.257275128560130628e-02 2.502237442848568444e-02 1.565868799677410383e-01 1.732799754265457182e-01 1.772740220789610355e-01 1.292617024313244545e-01 5.531118555329891939e-02 3.800546458105782954e-02 1.700038149139291022e-01 1.823944052548218675e-01 1.262203104300302081e-01 1.806810093216250912e-01 1.086492499615664409e-01
1.692062208123711053e-01 9.864224001081361992e-02 8.603139537294110517e-02 8.257275128560130628e-02 2.569061796439681133e-02 1.565868799677410383e-01 1.732799754265457182e-01 1.839177601159137365e-01 1.292617024313244545e-01 5.531118555329891939e-02 3.800546458105782954e-02 1.703396517315698966e-01 1.823944052548218675e-01 1.267943861237379732e-01 1.831507272393376740e-01 1.086492499615664409e-01
1.692062208123711053e-01 9.864224001081361992e-02 8.829025838376386437e-02 8.257275128560130628e-02 2.614589897342511904e-02 1.565868799677410383e-01 1.732799754265457182e-01 1.839177601159137365e-01 1.315593685246387035e-01 6.029549314823157147e-02 3.800546458105782954e-02 1.703396517315698966e-01 1.823944052548218675e-01 1.329585203190758180e-01 1.831507272393376740e-01 1.108856976141084361e-01
1.698886098966654046e-01 9.864224001081361992e-02 8.932521787591288231e-02 8.698945482137787621e-02 2.614589897342511904e-02 1.565868799677410383e-01 1.732799754265457182e-01 1.855503819889451067e-01 1.347282988551626592e-01 6.065444141230846853e-02 4.360994061746623074e-02 1.703396517315698966e-01 1.823944052548218675e-01 1.345109526487230367e-01 1.831507272393376740e-01 1.108856976141084361e-01
1.713909244701942169e-01 9.864224001081361992e-02 8.932521787591288231e-02 8.893427264947395550e-02 2.817639437460000423e-02 1.579765296096606875e-01 1.732799754265457182e-01 1.855503819889451067e-01 1.347282988551626592e-01 6.065444141230846853e-02 4.360994061746623074e-02 1.706612900138422262e-01 1.823944052548218675e-01 1.371225273505061182e-01 1.831507272393376740e-01 1.108856976141084361e-01
1.713909244701942169e-01 9.933925643043672871e-02 9.053341591696568991e-02 9.119324692544367172e-02 2.817639437460000423e-02 1.655497323464554249e-01 1.748683672642707687e-01 1.855503819889451067e-01 1.347282988551626592e-01 6.369791650574342656e-02 4.617307199551319574e-02 1.706612900138422262e-01 1.867402350682175471e-01 1.371225273505061182e-01 1.831507272393376740e-01 1.108856976141084361e-01
1.720504787075975150e-01 9.933925643043672871e-02 9.053341591696568991e-02 9.119324692544367172e-02 2.817639437460000423e-02 1.655497323464554249e-01 1.748683672642707687e-01 1.855503819889451067e-01 1.366574731429835710e-01 6.369791650574342656e-02 4.617307199551319574e-02 1.706612900138422262e-01 1.887868175553379380e-01 1.373354406763896418e-01 1.831507272393376740e-01 1.121742259139521247e-01
1.720504787075975150e-01 9.933925643043672871e-02 9.053341591696568991e-02 9.943585624691923808e-02 3.255773521780547242e-02 1.655497323464554249e-01 1.798026143969746471e-01 1.869728818204130505e-01 1.366574731429835710e-01 7.254059779516985884e-02 4.843110939894326727e-02 1.754767253192139886e-01 1.887868175553379380e-01 1.411652441387882817e-01 1.831507272393376740e-01 1.121742259139521247e-01
1.720504787075975150e-01 9.933925643043672871e-02 9.053341591696568991e-02 9.943585624691923808e-02 3.300013217728347409e-02 1.655497323464554249e-01 1.798026143969746471e-01 1.877812805525663487e-01 1.366574731429835710e-01 7.444784348581622024e-02 4.843110939894326727e-02 1.754767253192139886e-01 1.887868175553379380e-01 1.419369337613039517e-01 1.832891359675110077e-01 1.128187435043695175e-01
1.720504787075975150e-01 1.005234658572662365e-01 9.369868987581314590e-02 9.943585624691923808e-02 3.300013217728347409e-02 1.655497323464554249e-01 1.798026143969746471e-01 1.877812805525663487e-01 1.366574731429835710e-01 7.840544518916056638e-02 4.843110939894326727e-02 1.804971064151563720e-01 1.894203725090032320e-01 1.445119306417180782e-01 1.882670265976343349e-01 1.128187435043695175e-01
1.723356984306786688e-01 1.019580585677628548e-01 9.485902420491226783e-02 9.943585624691923808e-02 3.472161978303543034e-02 1.655497323464554249e-01 1.799366118203802045e-01 1.877812805525663487e-01 1.366574731429835710e-01 7.840544518916056638e-02 4.929076527369000149e-02 1.804971064151563720e-01 1.894203725090032320e-01 1.445119306417180782e-01 1.882670265976343349e-01 1.128187435043695175e-01
1.723356984306786688e-01 1.022989240621408058e-01 9.485902420491226783e-02 9.943585624691923808e-02 3.472161978303543034e-02 1.655497323464554249e-01 1.799366118203802045e-01 1.877812805525663487e-01 1.367970504885388516e-01 7.840544518916056638e-02 4.929076527369000149e-02 1.806401238420406730e-01 1.894203725090032320e-01 1.445119306417180782e-01 1.888968161224915399e-01 1.128187435043695175e-01
1.723356984306786688e-01 1.022989240621408058e-01 9.485902420491226783e-02 9.980788631833092950e-02 3.472161978303543034e-02 1.655497323464554249e-01 1.799366118203802045e-01 1.884882096823565778e-01 1.367970504885388516e-01 7.881458071763229600e-02 4.988825274881150684e-02 1.806401238420406730e-01 1.894203725090032320e-01 1.445119306417180782e-01 1.888968161224915399e-01 1.128187435043695175e-01
1.737419552639778431e-01 1.022989240621408058e-01 9.485902420491226783e-02 9.980788631833092950e-02 3.472161978303543034e-02 1.655497323464554249e-01 1.799366118203802045e-01 1.884882096823565778e-01 1.367970504885388516e-01 7.881458071763229600e-02 5.210054530175643739e-02 1.806401238420406730e-01 1.895164414353692761e-01 1.445119306417180782e-01 1.888968161224915399e-01 1.132914343574091404e-01
1.737419552639778431e-01 1.035739008219320467e-01 9.485902420491226783e-02 1.004276876070512026e-01 3.472161978303543034e-02 1.655497323464554249e-01 1.799366118203802045e-01 1.884882096823565778e-01 1.367970504885388516e-01 7.881458071763229600e-02 5.210054530175643739e-02 1.806401238420406730e-01 1.900757336677187936e-01 1.445119306417180782e-01 1.888968161224915399e-01 1.137474275273451518e-01
1.737419552639778431e-01 1.035739008219320467e-01 9.485902420491226783e-02 1.004276876070512026e-01 3.472161978303543034e-02 1.655497323464554249e-01 1.799366118203802045e-01 1.884882096823565778e-01 1.369262328755228575e-01 7.881458071763229600e-02 5.210054530175643739e-02 1.806401238420406730e-01 1.908931126457280025e-01 1.445119306417180782e-01 1.888968161224915399e-01 1.144426754855018269e-01
1.737419552639778431e-01 1.035739008219320467e-01 9.521334225267708007e-02 1.007669867225268467e-01 3.544089997905815886e-02 1.655497323464554249e-01 1.799366118203802045e-01 1.884882096823565778e-01 1.378553516824067016e-01 7.956082257647158207e-02 5.210054530175643739e-02 1.806401238420406730e-01 1.921593346880465236e-01 1.445119306417180782e-01 1.888968161224915399e-01 1.144426754855018269e-01
1.737419552639778431e-01 1.035739008219320467e-01 9.521334225267708007e-02 1.007669867225268467e-01 3.647493874260349100e-02 1.662002999932824798e-01 1.799366118203802045e-01 1.888673338760434861e-01 1.387516617482425496e-01 7.956082257647158207e-02 5.210054530175643739e-02 1.821532978836692962e-01 1.921593346880465236e-01 1.445119306417180782e-01 1.888968161224915399e-01 1.144426754855018269e-01
1.737419552639778431e-01 1.035739008219320467e-01 9.622159042106218085e-02 1.007669867225268467e-01 3.647493874260349100e-02 1.662002999932824798e-01 1.799366118203802045e-01 1.888673338760434861e-01 1.387516617482425496e-01 7.956082257647158207e-02 5.210054530175643739e-02 1.821532978836692962e-01 1.921593346880465236e-01 1.452231774050576074e-01 1.888968161224915399e-01 1.147519592275685341e-01
1.737419552639778431e-01 1.035739008219320467e-01 9.622159042106218085e-02 1.007669867225268467e-01 3.647493874260349100e-02 1.662002999932824798e-01 1.843820141892347220e-01 1.888673338760434861e-01 1.393886290769842384e-01 7.956076759590757774e-02 5.263025115028313605e-02 1.821532978836692962e-01 1.921593346880465236e-01 1.452231774050576074e-01 1.894083829100645933e-01 1.147519592275685341e-01
1.741508988995867924e-01 1.035739008219320467e-01 9.622159042106218085e-02 1.007669867225268467e-01 3.647493874260349100e-02 1.662002999932824798e-01 1.843820141892347220e-01 1.888673338760434861e-01 1.393886290769842384e-01 7.956076759590757774e-02 5.307845870448346659e-02 1.822806376395635641e-01 1.921593346880465236e-01 1.452231774050576074e-01 1.912317356697101900e-01 1.150684689588601928e-01
1.741508988995867924e-01 1.035739008219320467e-01 9.622159042106218085e-02 1.007669867225268467e-01 3.647493874260349100e-02 1.662002999932824798e-01 1.843820141892347220e-01 1.888673338760434861e-01 1.393886290769842384e-01 7.956076759590757774e-02 5.307845870448346659e-02 1.822806376395635641e-01 1.921593346880465236e-01 1.452231774050576074e-01 1.912317356697101900e-01 1.150684689588601928e-01
