0.000000000000000000e+00
3.288425703337922723e+00
3.288425703337922723e+00
3.288425703337922723e+00
3.288425703337922723e+00
3.288425703337922723e+00
3.288425703337922723e+00
3.288425703337922723e+00
3.288425703337922723e+00
3.288425703337922723e+00
3.288425703337922723e+00
3.288425703337922723e+00
3.288425703337922723e+00
3.288425703337922723e+00
3.288425703337922723e+00
3.288425703337922723e+00
3.288425703337922723e+00
3.288425703337922723e+00
3.288425703337922723e+00
3.288425703337922723e+00
3.288425703337922723e+00
3.288425703337922723e+00
3.288425703337922723e+00
3.288425703337922723e+00
3.288425703337922723e+00
3.288425703337922723e+00
3.288425703337922723e+00
3.288425703337922723e+00
3.288425703337922723e+00
3.288425703337922723e+00
3.288425703337922723e+00
3.288425703337922723e+00
3.288425703337922723e+00
3.288425703337922723e+00
3.288425703337922723e+00
3.288425703337922723e+00
3.288425703337922723e+00
3.288425703337922723e+00
3.288425703337922723e+00
3.288425703337922723e+00
3.288425703337922723e+00
3.288425703337922723e+00
3.288425703337922723e+00
3.288425703337922723e+00
3.288425703337922723e+00
3.288425703337922723e+00
3.288425703337922723e+00
3.288425703337922723e+00
3.288425703337922723e+00
3.288425703337922723e+00
3.288425703337922723e+00
3.288425703337922723e+00
3.288425703337922723e+00
3.288425703337922723e+00
3.288425703337922723e+00
3.288425703337922723e+00
3.288425703337922723e+00
3.288425703337922723e+00
3.288425703337922723e+00
3.288425703337922723e+00
3.288425703337922723e+00
3.288425703337922723e+00
3.288425703337922723e+00
3.288425703337922723e+00
3.288425703337922723e+00
3.288425703337922723e+00
3.288425703337922723e+00
3.288425703337922723e+00
3.288425703337922723e+00
3.288425703337922723e+00
3.288425703337922723e+00
3.288425703337922723e+00
3.288425703337922723e+00
3.288425703337922723e+00
3.288425703337922723e+00
3.288425703337922723e+00
3.288425703337922723e+00
3.288425703337922723e+00
3.288425703337922723e+00
3.288425703337922723e+00
3.288425703337922723e+00
3.288425703337922723e+00
3.288425703337922723e+00
3.288425703337922723e+00
3.288425703337922723e+00
3.288425703337922723e+00
3.288425703337922723e+00
3.288425703337922723e+00
3.288425703337922723e+00
3.288425703337922723e+00
3.288425703337922723e+00
3.288425703337922723e+00
3.288425703337922723e+00
3.288425703337922723e+00
3.288425703337922723e+00
3.288425703337922723e+00
3.288425703337922723e+00
