0.000000000000000000e+00
3.418467629040319533e+00
3.418467629040319533e+00
3.418467629040319533e+00
3.418467629040319533e+00
3.418467629040319533e+00
3.418467629040319533e+00
3.418467629040319533e+00
3.418467629040319533e+00
3.418467629040319533e+00
3.418467629040319533e+00
3.418467629040319533e+00
3.418467629040319533e+00
3.418467629040319533e+00
3.418467629040319533e+00
3.418467629040319533e+00
3.418467629040319533e+00
3.418467629040319533e+00
3.418467629040319533e+00
3.418467629040319533e+00
3.418467629040319533e+00
3.418467629040319533e+00
3.418467629040319533e+00
3.418467629040319533e+00
3.418467629040319533e+00
3.418467629040319533e+00
3.418467629040319533e+00
3.418467629040319533e+00
3.418467629040319533e+00
3.418467629040319533e+00
3.418467629040319533e+00
3.418467629040319533e+00
3.418467629040319533e+00
3.418467629040319533e+00
3.418467629040319533e+00
3.418467629040319533e+00
3.418467629040319533e+00
3.418467629040319533e+00
3.418467629040319533e+00
3.418467629040319533e+00
3.418467629040319533e+00
3.418467629040319533e+00
3.418467629040319533e+00
3.418467629040319533e+00
3.418467629040319533e+00
3.418467629040319533e+00
3.418467629040319533e+00
3.418467629040319533e+00
3.418467629040319533e+00
3.418467629040319533e+00
3.418467629040319533e+00
3.418467629040319533e+00
3.418467629040319533e+00
3.418467629040319533e+00
3.418467629040319533e+00
3.418467629040319533e+00
3.418467629040319533e+00
3.418467629040319533e+00
3.418467629040319533e+00
3.418467629040319533e+00
3.418467629040319533e+00
3.418467629040319533e+00
3.418467629040319533e+00
3.418467629040319533e+00
3.418467629040319533e+00
3.418467629040319533e+00
3.418467629040319533e+00
3.418467629040319533e+00
3.418467629040319533e+00
3.418467629040319533e+00
3.418467629040319533e+00
3.418467629040319533e+00
3.418467629040319533e+00
3.418467629040319533e+00
3.418467629040319533e+00
3.418467629040319533e+00
3.418467629040319533e+00
3.418467629040319533e+00
3.418467629040319533e+00
3.418467629040319533e+00
3.418467629040319533e+00
3.418467629040319533e+00
3.418467629040319533e+00
3.418467629040319533e+00
3.418467629040319533e+00
3.418467629040319533e+00
3.418467629040319533e+00
3.418467629040319533e+00
3.418467629040319533e+00
3.418467629040319533e+00
3.418467629040319533e+00
3.418467629040319533e+00
3.418467629040319533e+00
3.418467629040319533e+00
3.418467629040319533e+00
3.418467629040319533e+00
3.418467629040319533e+00
3.418467629040319533e+00
3.418467629040319533e+00
3.418467629040319533e+00
3.418467629040319533e+00
3.418467629040319533e+00
3.418467629040319533e+00
3.418467629040319533e+00
3.418467629040319533e+00
3.418467629040319533e+00
3.418467629040319533e+00
3.418467629040319533e+00
3.418467629040319533e+00
3.418467629040319533e+00
3.418467629040319533e+00
3.418467629040319533e+00
3.418467629040319533e+00
