0.000000000000000000e+00
2.957088230674144391e+00
2.960190245480446958e+00
2.960190245480446958e+00
2.960190245480446958e+00
2.960190245480446958e+00
2.960190245480446958e+00
2.960190245480446958e+00
2.960190245480446958e+00
2.960190245480446958e+00
2.960190245480446958e+00
2.960190245480446958e+00
2.960190245480446958e+00
2.960190245480446958e+00
2.960190245480446958e+00
2.960190245480446958e+00
2.960190245480446958e+00
2.960190245480446958e+00
2.960190245480446958e+00
2.960190245480446958e+00
2.960190245480446958e+00
2.960190245480446958e+00
2.960190245480446958e+00
2.960190245480446958e+00
2.960190245480446958e+00
2.960190245480446958e+00
2.960190245480446958e+00
2.960190245480446958e+00
2.960190245480446958e+00
2.960190245480446958e+00
2.960190245480446958e+00
2.960190245480446958e+00
2.960190245480446958e+00
2.960190245480446958e+00
2.960190245480446958e+00
2.960190245480446958e+00
2.960190245480446958e+00
2.960190245480446958e+00
2.960190245480446958e+00
2.960190245480446958e+00
2.960190245480446958e+00
2.960190245480446958e+00
2.960190245480446958e+00
2.960190245480446958e+00
2.960190245480446958e+00
2.960190245480446958e+00
2.960190245480446958e+00
2.960190245480446958e+00
2.960190245480446958e+00
2.960190245480446958e+00
2.960190245480446958e+00
2.960190245480446958e+00
2.960190245480446958e+00
2.960190245480446958e+00
2.960190245480446958e+00
2.960190245480446958e+00
2.960190245480446958e+00
2.960190245480446958e+00
2.960190245480446958e+00
2.960190245480446958e+00
2.960190245480446958e+00
2.960190245480446958e+00
2.960190245480446958e+00
2.960190245480446958e+00
2.960190245480446958e+00
