0.000000000000000000e+00
3.285718040508371907e+00
3.285718040508371907e+00
3.285718040508371907e+00
3.285718040508371907e+00
3.285718040508371907e+00
3.285718040508371907e+00
3.285718040508371907e+00
3.285718040508371907e+00
3.285718040508371907e+00
3.285718040508371907e+00
3.285718040508371907e+00
3.285718040508371907e+00
3.285718040508371907e+00
3.285718040508371907e+00
3.285718040508371907e+00
3.285718040508371907e+00
3.285718040508371907e+00
3.285718040508371907e+00
3.285718040508371907e+00
3.285718040508371907e+00
3.285718040508371907e+00
3.285718040508371907e+00
3.285718040508371907e+00
3.285718040508371907e+00
3.285718040508371907e+00
3.285718040508371907e+00
3.285718040508371907e+00
3.285718040508371907e+00
3.285718040508371907e+00
3.285718040508371907e+00
3.285718040508371907e+00
3.285718040508371907e+00
3.285718040508371907e+00
3.285718040508371907e+00
3.285718040508371907e+00
3.285718040508371907e+00
3.285718040508371907e+00
3.285718040508371907e+00
3.285718040508371907e+00
3.285718040508371907e+00
3.285718040508371907e+00
3.285718040508371907e+00
3.285718040508371907e+00
3.285718040508371907e+00
3.285718040508371907e+00
3.285718040508371907e+00
3.285718040508371907e+00
3.285718040508371907e+00
3.285718040508371907e+00
3.285718040508371907e+00
3.285718040508371907e+00
3.285718040508371907e+00
3.285718040508371907e+00
3.285718040508371907e+00
3.285718040508371907e+00
3.285718040508371907e+00
3.285718040508371907e+00
3.285718040508371907e+00
3.285718040508371907e+00
3.285718040508371907e+00
3.285718040508371907e+00
3.285718040508371907e+00
3.285718040508371907e+00
3.285718040508371907e+00
3.285718040508371907e+00
3.285718040508371907e+00
3.285718040508371907e+00
3.285718040508371907e+00
3.285718040508371907e+00
3.285718040508371907e+00
3.285718040508371907e+00
3.285718040508371907e+00
3.285718040508371907e+00
3.285718040508371907e+00
3.285718040508371907e+00
3.285718040508371907e+00
3.285718040508371907e+00
3.285718040508371907e+00
3.285718040508371907e+00
3.285718040508371907e+00
