0.000000000000000000e+00 0.000000000000000000e+00 0.000000000000000000e+00 0.000000000000000000e+00 0.000000000000000000e+00 0.000000000000000000e+00 0.000000000000000000e+00 0.000000000000000000e+00
0.000000000000000000e+00 0.000000000000000000e+00 0.000000000000000000e+00 8.656725964468314771e-03 8.245471150262417837e-03 0.000000000000000000e+00 0.000000000000000000e+00 9.142527561797564317e-03
0.000000000000000000e+00 0.000000000000000000e+00 1.462271497705287110e-02 8.656725964468314771e-03 2.285171277985290766e-02 1.548222913561982106e-02 2.804841862094911709e-03 1.018930184771704717e-02
0.000000000000000000e+00 8.794038156602346223e-06 1.462271497705287110e-02 8.656725964468314771e-03 2.315584445180060569e-02 1.548222913561982106e-02 2.804841862094911709e-03 1.272908477455025889e-02
0.000000000000000000e+00 8.794038156602346223e-06 1.462271497705287110e-02 1.291898909923058086e-02 2.455035477804656113e-02 1.548222913561982106e-02 3.655713627612598715e-03 1.637675995993491743e-02
6.133848837432270135e-03 8.794038156602346223e-06 1.462271497705287110e-02 1.291898909923058086e-02 2.455035477804656113e-02 2.236888637116152267e-02 4.632687809800313528e-03 1.709868902156985726e-02
1.270428548846780359e-02 8.794038156602346223e-06 1.462271497705287110e-02 1.291898909923058086e-02 2.455035477804656113e-02 4.225186681162951957e-02 2.549263199234963473e-02 2.926373315846575451e-02
4.076975496564842760e-02 1.732332078099401221e-02 2.225096796303677529e-02 4.081427595403810948e-02 2.455035477804656113e-02 4.225186681162951957e-02 2.549263199234963473e-02 3.119238990101719580e-02
4.076975496564842760e-02 1.955751159767608882e-02 2.225096796303677529e-02 4.218950963693204881e-02 2.455035477804656113e-02 4.225186681162951957e-02 3.499453585454403992e-02 3.213872944484355565e-02
4.326583127324790112e-02 1.955751159767608882e-02 2.225096796303677529e-02 4.255745791034826198e-02 2.539662323333800875e-02 4.225186681162951957e-02 3.499453585454403992e-02 3.213872944484355565e-02
4.413325346394003645e-02 1.955751159767608882e-02 2.225096796303677529e-02 4.255745791034826198e-02 2.539662323333800875e-02 4.225186681162951957e-02 3.970094228549768400e-02 3.213872944484355565e-02
4.413325346394003645e-02 1.955751159767608882e-02 2.280210583487018994e-02 4.255745791034826198e-02 2.539662323333800875e-02 4.502381199692183367e-02 3.970094228549768400e-02 3.213872944484355565e-02
4.413325346394003645e-02 1.955751159767608882e-02 2.280210583487018994e-02 4.532704809383858446e-02 2.542684877123235765e-02 4.574088908374013274e-02 3.970094228549768400e-02 3.213872944484355565e-02
4.413325346394003645e-02 1.955751159767608882e-02 2.280210583487018994e-02 4.532704809383858446e-02 2.542684877123235765e-02 4.669429495068665864e-02 3.970094228549768400e-02 3.541453958453644191e-02
4.413325346394003645e-02 2.166096523463471174e-02 2.280210583487018994e-02 4.532704809383858446e-02 2.542684877123235765e-02 4.669429495068665864e-02 4.393932114280726942e-02 3.678744034078107461e-02
4.710632721339066964e-02 2.166096523463471174e-02 2.280210583487018994e-02 4.532704809383858446e-02 2.542684877123235765e-02 4.722097225396737485e-02 4.393932114280726942e-02 3.678744034078107461e-02
4.710632721339066964e-02 2.257976069863361357e-02 2.614430407917467392e-02 4.532704809383858446e-02 2.542684877123235765e-02 4.722097225396737485e-02 4.393932114280726942e-02 3.678744034078107461e-02
