0.000000000000000000e+00
2.455115194792725219e+00
2.456137075470309128e+00
2.456168639990490288e+00
2.456168639990490288e+00
2.456168639990490288e+00
2.456168639990490288e+00
2.456168639990490288e+00
2.456168639990490288e+00
2.456168639990490288e+00
2.456168639990490288e+00
2.456168639990490288e+00
2.456168639990490288e+00
2.456168639990490288e+00
2.456168639990490288e+00
2.456168639990490288e+00
2.456168639990490288e+00
2.456168639990490288e+00
2.456168639990490288e+00
2.456168639990490288e+00
2.456168639990490288e+00
2.456168639990490288e+00
2.456168639990490288e+00
2.456168639990490288e+00
2.456168639990490288e+00
2.456168639990490288e+00
2.456168639990490288e+00
2.456168639990490288e+00
2.456168639990490288e+00
2.456168639990490288e+00
2.456168639990490288e+00
2.456168639990490288e+00
2.456168639990490288e+00
