0.000000000000000000e+00
2.732035700462249750e+00
2.732757759709457002e+00
2.732757759709457002e+00
2.732757759709457002e+00
2.732757759709457002e+00
2.732757759709457002e+00
2.732757759709457002e+00
2.732757759709457002e+00
2.732757759709457002e+00
2.732757759709457002e+00
2.732757759709457002e+00
2.732757759709457002e+00
2.732757759709457002e+00
2.732757759709457002e+00
2.732757759709457002e+00
2.732757759709457002e+00
2.732757759709457002e+00
2.732757759709457002e+00
2.732757759709457002e+00
2.732757759709457002e+00
2.732757759709457002e+00
2.732757759709457002e+00
2.732757759709457002e+00
2.732757759709457002e+00
2.732757759709457002e+00
2.732757759709457002e+00
2.732757759709457002e+00
2.732757759709457002e+00
2.732757759709457002e+00
2.732757759709457002e+00
2.732757759709457002e+00
2.732757759709457002e+00
2.732757759709457002e+00
2.732757759709457002e+00
2.732757759709457002e+00
2.732757759709457002e+00
2.732757759709457002e+00
2.732757759709457002e+00
2.732757759709457002e+00
2.732757759709457002e+00
2.732757759709457002e+00
2.732757759709457002e+00
2.732757759709457002e+00
2.732757759709457002e+00
2.732757759709457002e+00
2.732757759709457002e+00
2.732757759709457002e+00
2.732757759709457002e+00
