0.000000000000000000e+00
2.525040672029119637e+00
2.525040672029119637e+00
2.525040672029119637e+00
2.525040672029119637e+00
2.525040672029119637e+00
2.525040672029119637e+00
2.525040672029119637e+00
2.525040672029119637e+00
2.525040672029119637e+00
2.525040672029119637e+00
2.525040672029119637e+00
2.525040672029119637e+00
2.525040672029119637e+00
2.525040672029119637e+00
2.525040672029119637e+00
2.525040672029119637e+00
2.525040672029119637e+00
2.525040672029119637e+00
2.525040672029119637e+00
2.525040672029119637e+00
2.525040672029119637e+00
2.525040672029119637e+00
2.525040672029119637e+00
2.525040672029119637e+00
2.525040672029119637e+00
2.525040672029119637e+00
2.525040672029119637e+00
2.525040672029119637e+00
2.525040672029119637e+00
2.525040672029119637e+00
2.525040672029119637e+00
2.525040672029119637e+00
