0.000000000000000000e+00
3.116179217408692192e+00
3.116179217408692192e+00
3.116179217408692192e+00
3.116179217408692192e+00
3.116179217408692192e+00
3.116179217408692192e+00
3.116179217408692192e+00
3.116179217408692192e+00
3.116179217408692192e+00
3.116179217408692192e+00
3.116179217408692192e+00
3.116179217408692192e+00
3.116179217408692192e+00
3.116179217408692192e+00
3.116179217408692192e+00
3.116179217408692192e+00
3.116179217408692192e+00
3.116179217408692192e+00
3.116179217408692192e+00
3.116179217408692192e+00
3.116179217408692192e+00
3.116179217408692192e+00
3.116179217408692192e+00
3.116179217408692192e+00
3.116179217408692192e+00
3.116179217408692192e+00
3.116179217408692192e+00
3.116179217408692192e+00
3.116179217408692192e+00
3.116179217408692192e+00
3.116179217408692192e+00
3.116179217408692192e+00
3.116179217408692192e+00
3.116179217408692192e+00
3.116179217408692192e+00
3.116179217408692192e+00
3.116179217408692192e+00
3.116179217408692192e+00
3.116179217408692192e+00
3.116179217408692192e+00
3.116179217408692192e+00
3.116179217408692192e+00
3.116179217408692192e+00
3.116179217408692192e+00
3.116179217408692192e+00
3.116179217408692192e+00
3.116179217408692192e+00
3.116179217408692192e+00
3.116179217408692192e+00
3.116179217408692192e+00
3.116179217408692192e+00
3.116179217408692192e+00
3.116179217408692192e+00
3.116179217408692192e+00
3.116179217408692192e+00
3.116179217408692192e+00
3.116179217408692192e+00
3.116179217408692192e+00
3.116179217408692192e+00
3.116179217408692192e+00
3.116179217408692192e+00
3.116179217408692192e+00
3.116179217408692192e+00
3.116179217408692192e+00
