0.000000000000000000e+00 0.000000000000000000e+00 0.000000000000000000e+00 0.000000000000000000e+00 0.000000000000000000e+00 0.000000000000000000e+00 0.000000000000000000e+00 0.000000000000000000e+00 0.000000000000000000e+00 0.000000000000000000e+00 0.000000000000000000e+00 0.000000000000000000e+00 0.000000000000000000e+00 0.000000000000000000e+00 0.000000000000000000e+00 0.000000000000000000e+00
0.000000000000000000e+00 3.526279453458514013e-05 5.581701075252354372e-05 1.130737101879830675e-04 0.000000000000000000e+00 0.000000000000000000e+00 1.843465532429533482e-04 2.416061076799813634e-04 1.871461390350326326e-04 2.510137120470545824e-05 0.000000000000000000e+00 1.876422952040712744e-05 1.883603957342216972e-05 8.416871366545564115e-05 0.000000000000000000e+00 2.082901980053897262e-04
8.670889670266346749e-05 3.526279453458514013e-05 8.201229422450783541e-04 1.130737101879830675e-04 1.131169364112727177e-03 1.637824844639659827e-03 1.843465532429533482e-04 2.066995752918882046e-03 1.871461390350326326e-04 2.510137120470545824e-05 1.036451014363667239e-03 2.083135339410902009e-03 9.890274246283103400e-04 9.241867129997625475e-04 6.978626538126755973e-04 1.223396493896800052e-03
8.670889670266346749e-05 1.664518570164393377e-04 2.859920622706806428e-03 1.130737101879830675e-04 1.131169364112727177e-03 3.940657290498837846e-03 2.092057936560879662e-03 2.543748417486341694e-03 4.313654993281812802e-03 2.510137120470545824e-05 2.601579587202596140e-03 2.681136537184322828e-03 9.890274246283103400e-04 9.241867129997625475e-04 6.978626538126755973e-04 3.839222471296772216e-03
3.798101681154272824e-02 1.664518570164393377e-04 2.956697053458262614e-02 3.072717929434176654e-02 6.555547884213211440e-03 3.940657290498837846e-03 2.092057936560879662e-03 2.328538342662858640e-02 1.647585445813073979e-02 2.997204232269800456e-03 2.601579587202596140e-03 1.635213158785839282e-02 1.979549501722729921e-03 9.241867129997625475e-04 3.114176106657855561e-02 3.827648610435652188e-02
3.861192127882422109e-02 1.664518570164393377e-04 3.002065890997834829e-02 3.163087777289712299e-02 6.573392610829179722e-03 4.402475123942650725e-03 2.365761751655148792e-03 2.328538342662858640e-02 1.656964710487696807e-02 3.414475710167132281e-03 2.999970286929123930e-03 1.664767121154820534e-02 2.257305830513270384e-03 1.526735341400559717e-03 3.114176106657855561e-02 3.827648610435652188e-02
3.903232456843375164e-02 1.664518570164393377e-04 3.002065890997834829e-02 3.208638217145851068e-02 6.573392610829179722e-03 4.402475123942650725e-03 2.365761751655148792e-03 2.373211130990944204e-02 1.656964710487696807e-02 3.859473590559048262e-03 3.437268405654947401e-03 1.667361080124862838e-02 2.280552441902727878e-03 1.526735341400559717e-03 3.114176106657855561e-02 3.827648610435652188e-02
3.907579662223625849e-02 1.572105361300993320e-03 3.002065890997834829e-02 3.219143290546000458e-02 8.017363753089095865e-03 4.402475123942650725e-03 3.077554708143089013e-03 2.373211130990944204e-02 1.671028114508812945e-02 4.520533473087340326e-03 4.128308082580127436e-03 1.673562003727363870e-02 2.299658558918338258e-03 1.526735341400559717e-03 3.114176106657855561e-02 3.827648610435652188e-02
3.907579662223625849e-02 2.538349086656227840e-03 3.002065890997834829e-02 3.237802054231053717e-02 8.017363753089095865e-03 5.888061116723020127e-03 3.560115915977763237e-03 2.373211130990944204e-02 1.671028114508812945e-02 5.030560214105861405e-03 4.128308082580127436e-03 1.844443599305098380e-02 2.575201162915490179e-03 2.060322270938724429e-03 3.229578425108488304e-02 3.926326223640658891e-02
3.907579662223625849e-02 2.538349086656227840e-03 3.002422458032623018e-02 3.275313174579252973e-02 8.017363753089095865e-03 6.029098984567612431e-03 3.787429642940765007e-03 2.373211130990944204e-02 1.700146137002178648e-02 5.403855114624447897e-03 4.128308082580127436e-03 1.853029542555134634e-02 2.916700511695149295e-03 2.060322270938724429e-03 3.229578425108488304e-02 3.926326223640658891e-02
3.938784684950313864e-02 3.427667816033874715e-03 3.028430453689630319e-02 3.302549977239509216e-02 8.017363753089095865e-03 6.572550129714224525e-03 4.669930296851044702e-03 2.373211130990944204e-02 1.700146137002178648e-02 5.403855114624447897e-03 4.128308082580127436e-03 1.853029542555134634e-02 2.916700511695149295e-03 2.060322270938724429e-03 3.274826124698397567e-02 3.986005569129194570e-02
3.943892267771045845e-02 3.792662593665868664e-03 3.028430453689630319e-02 3.319072385563660160e-02 8.017363753089095865e-03 7.075768717826896523e-03 4.669930296851044702e-03 2.373211130990944204e-02 1.700146137002178648e-02 5.403855114624447897e-03 4.128308082580127436e-03 1.889408189044416986e-02 2.982794190415916091e-03 2.424726187435055635e-03 3.299927223841336854e-02 3.986005569129194570e-02
3.943892267771045845e-02 3.893233900353117866e-03 3.077952976698838938e-02 3.323534611152962476e-02 8.052719892406683122e-03 7.075768717826896523e-03 4.750258328257928042e-03 2.375421163734293614e-02 1.700146137002178648e-02 5.403855114624447897e-03 4.635268154299010748e-03 1.889408189044416986e-02 2.982794190415916091e-03 2.424726187435055635e-03 3.299927223841336854e-02 3.988177747329757494e-02
3.949756367108519378e-02 3.893233900353117866e-03 3.077952976698838938e-02 3.346661836071279650e-02 8.064870226468909623e-03 7.075768717826896523e-03 4.750258328257928042e-03 2.399792232978309806e-02 1.714567244123657574e-02 5.759919972128102472e-03 4.635268154299010748e-03 1.889408189044416986e-02 3.282493387512510838e-03 2.424726187435055635e-03 3.299927223841336854e-02 3.990506879349453584e-02
3.971368206628229924e-02 3.893233900353117866e-03 3.140566792209219943e-02 3.350419025407120471e-02 8.064870226468909623e-03 7.200301665363895154e-03 4.750258328257928042e-03 2.407434758945470321e-02 1.714567244123657574e-02 5.759919972128102472e-03 4.635268154299010748e-03 1.898574439120181978e-02 3.282493387512510838e-03 2.552019189089053865e-03 3.337603135659696768e-02 4.038636079459934081e-02
3.971368206628229924e-02 3.893233900353117866e-03 3.140566792209219943e-02 3.350419025407120471e-02 8.064870226468909623e-03 7.200301665363895154e-03 4.750258328257928042e-03 2.407434758945470321e-02 1.714567244123657574e-02 5.759919972128102472e-03 4.635268154299010748e-03 1.898574439120181978e-02 3.324078262912755211e-03 2.552019189089053865e-03 3.337603135659696768e-02 4.038636079459934081e-02
3.971368206628229924e-02 3.893233900353117866e-03 3.140566792209219943e-02 3.350419025407120471e-02 8.071075837221690016e-03 7.217608271715135124e-03 4.750258328257928042e-03 2.407434758945470321e-02 1.724736552704086989e-02 5.759919972128102472e-03 4.635268154299010748e-03 1.898574439120181978e-02 3.427653734340781015e-03 2.608594950615383823e-03 3.337603135659696768e-02 4.038636079459934081e-02
3.971368206628229924e-02 3.893233900353117866e-03 3.145640264522949620e-02 3.350419025407120471e-02 8.083186891068572244e-03 7.217608271715135124e-03 5.008504877525263820e-03 2.409287776044953533e-02 1.724736552704086989e-02 5.759919972128102472e-03 4.635268154299010748e-03 1.899555274491334170e-02 3.632190842571530326e-03 2.608594950615383823e-03 3.352675822556960838e-02 4.038636079459934081e-02
3.971368206628229924e-02 3.893233900353117866e-03 3.153432591979806604e-02 3.350419025407120471e-02 8.083186891068572244e-03 7.343674047092463297e-03 5.008504877525263820e-03 2.409287776044953533e-02 1.733665113429289084e-02 5.759919972128102472e-03 4.825747011281258936e-03 1.920141469989564489e-02 3.632190842571530326e-03 2.608594950615383823e-03 3.358568598913791448e-02 4.038636079459934081e-02
3.971368206628229924e-02 3.893233900353117866e-03 3.153432591979806604e-02 3.350419025407120471e-02 8.083186891068572244e-03 7.343674047092463297e-03 5.008504877525263820e-03 2.409287776044953533e-02 1.733886240947656032e-02 5.839128144489759420e-03 4.825747011281258936e-03 1.921721990855667500e-02 3.676354031767914421e-03 2.608594950615383823e-03 3.358568598913791448e-02 4.050608676691340448e-02
3.971368206628229924e-02 3.999364570998999863e-03 3.160438324681490163e-02 3.350419025407120471e-02 8.242046664037161463e-03 7.450795999776764489e-03 5.008504877525263820e-03 2.409287776044953533e-02 1.733886240947656032e-02 5.839128144489759420e-03 4.884886655740126003e-03 1.921721990855667500e-02 3.676354031767914421e-03 2.608594950615383823e-03 3.358568598913791448e-02 4.050608676691340448e-02
3.981884858004482164e-02 4.061445904000038354e-03 3.160438324681490163e-02 3.350419025407120471e-02 8.242046664037161463e-03 7.450795999776764489e-03 5.037747846074580593e-03 2.409287776044953533e-02 1.733886240947656032e-02 5.839128144489759420e-03 4.884886655740126003e-03 1.921721990855667500e-02 3.676354031767914421e-03 2.627289208196896021e-03 3.358568598913791448e-02 4.056707034716833943e-02
3.981884858004482164e-02 4.132509981836723391e-03 3.160438324681490163e-02 3.359433535511868740e-02 8.242046664037161463e-03 7.513005369778772390e-03 5.037747846074580593e-03 2.411730772057296690e-02 1.743677235289854688e-02 5.839128144489759420e-03 4.884886655740126003e-03 1.921721990855667500e-02 3.676354031767914421e-03 2.666514805517774048e-03 3.358568598913791448e-02 4.056707034716833943e-02
3.981884858004482164e-02 4.213974704956512107e-03 3.160438324681490163e-02 3.365394522289694157e-02 8.242046664037161463e-03 7.513005369778772390e-03 5.037747846074580593e-03 2.411730772057296690e-02 1.744547421426649592e-02 5.839128144489759420e-03 4.884886655740126003e-03 1.937298778625518025e-02 3.676354031767914421e-03 2.666514805517774048e-03 3.358568598913791448e-02 4.056707034716833943e-02
3.981884858004482164e-02 4.213974704956512107e-03 3.165036058018889931e-02 3.365394522289694157e-02 8.242046664037161463e-03 7.513005369778772390e-03 5.037747846074580593e-03 2.411730772057296690e-02 1.744547421426649592e-02 5.907619217146499804e-03 4.884886655740126003e-03 1.938379965508829628e-02 3.689929217040938819e-03 2.666514805517774048e-03 3.358568598913791448e-02 4.056707034716833943e-02
3.981884858004482164e-02 4.257905157615482494e-03 3.172907753766465722e-02 3.370352849762587449e-02 8.242046664037161463e-03 7.513005369778772390e-03 5.054136001035658410e-03 2.411730772057296690e-02 1.744547421426649592e-02 5.907619217146499804e-03 4.884886655740126003e-03 1.938379965508829628e-02 3.689929217040938819e-03 2.666514805517774048e-03 3.358568598913791448e-02 4.056707034716833943e-02
3.981884858004482164e-02 4.257905157615482494e-03 3.172907753766465722e-02 3.370352849762587449e-02 8.242046664037161463e-03 7.582035667813239593e-03 5.085915258739843667e-03 2.411730772057296690e-02 1.744983891900631079e-02 5.907619217146499804e-03 4.884886655740126003e-03 1.938676343040935182e-02 3.689929217040938819e-03 2.697121398543153581e-03 3.358568598913791448e-02 4.056707034716833943e-02
3.981884858004482164e-02 4.257905157615482494e-03 3.172907753766465722e-02 3.370352849762587449e-02 8.242046664037161463e-03 7.582035667813239593e-03 5.085915258739843667e-03 2.411730772057296690e-02 1.747235942953044227e-02 5.979857007904486842e-03 4.896752924664550533e-03 1.938676343040935182e-02 3.689929217040938819e-03 2.822127290587799712e-03 3.358568598913791448e-02 4.065007952424502802e-02
3.981884858004482164e-02 4.332370839449643796e-03 3.178716844275224218e-02 3.370352849762587449e-02 8.259423712154843888e-03 7.582035667813239593e-03 5.115716409018387922e-03 2.411730772057296690e-02 1.747235942953044227e-02 6.061566112863500666e-03 4.896752924664550533e-03 1.938676343040935182e-02 3.689929217040938819e-03 2.840938643572599176e-03 3.358568598913791448e-02 4.065007952424502802e-02
3.981884858004482164e-02 4.382187825624968627e-03 3.179144816778034510e-02 3.370352849762587449e-02 8.314789292223167053e-03 7.582035667813239593e-03 5.127276635460412645e-03 2.411730772057296690e-02 1.747235942953044227e-02 6.061566112863500666e-03 4.896752924664550533e-03 1.938676343040935182e-02 3.689929217040938819e-03 3.022331840440983797e-03 3.358568598913791448e-02 4.065007952424502802e-02
3.981884858004482164e-02 4.382187825624968627e-03 3.179144816778034510e-02 3.370352849762587449e-02 8.314789292223167053e-03 7.590665997196923906e-03 5.127276635460412645e-03 2.414510099156075285e-02 1.747235942953044227e-02 6.096615474689315306e-03 4.896752924664550533e-03 1.938676343040935182e-02 3.767840570919440361e-03 3.233432159579791281e-03 3.358568598913791448e-02 4.065007952424502802e-02
3.981884858004482164e-02 4.382187825624968627e-03 3.179144816778034510e-02 3.378254514988156959e-02 8.314789292223167053e-03 7.590665997196923906e-03 5.127276635460412645e-03 2.416156420179987885e-02 1.747235942953044227e-02 6.096615474689315306e-03 5.006204682771908665e-03 1.938676343040935182e-02 3.849922575383857293e-03 3.233432159579791281e-03 3.365597778282754943e-02 4.065007952424502802e-02
3.981884858004482164e-02 4.382187825624968627e-03 3.179144816778034510e-02 3.378254514988156959e-02 8.314789292223167053e-03 7.590665997196923906e-03 5.127276635460412645e-03 2.416156420179987885e-02 1.747235942953044227e-02 6.096615474689315306e-03 5.006204682771908665e-03 1.938676343040935182e-02 3.849922575383857293e-03 3.233432159579791281e-03 3.365597778282754943e-02 4.065007952424502802e-02
