0.000000000000000000e+00
3.495970023973273832e+00
3.501898717196136879e+00
3.501898717196136879e+00
3.501898717196136879e+00
3.501898717196136879e+00
3.501898717196136879e+00
3.501898717196136879e+00
3.501898717196136879e+00
3.501898717196136879e+00
3.501898717196136879e+00
3.501898717196136879e+00
3.501898717196136879e+00
3.501898717196136879e+00
3.501898717196136879e+00
3.501898717196136879e+00
3.501898717196136879e+00
3.501898717196136879e+00
3.501898717196136879e+00
3.501898717196136879e+00
3.501898717196136879e+00
3.501898717196136879e+00
3.501898717196136879e+00
3.501898717196136879e+00
3.501898717196136879e+00
3.501898717196136879e+00
3.501898717196136879e+00
3.501898717196136879e+00
3.501898717196136879e+00
3.501898717196136879e+00
3.501898717196136879e+00
3.501898717196136879e+00
3.501898717196136879e+00
3.501898717196136879e+00
3.501898717196136879e+00
3.501898717196136879e+00
3.501898717196136879e+00
3.501898717196136879e+00
3.501898717196136879e+00
3.501898717196136879e+00
3.501898717196136879e+00
3.501898717196136879e+00
3.501898717196136879e+00
3.501898717196136879e+00
3.501898717196136879e+00
3.501898717196136879e+00
3.501898717196136879e+00
3.501898717196136879e+00
3.501898717196136879e+00
3.501898717196136879e+00
3.501898717196136879e+00
3.501898717196136879e+00
3.501898717196136879e+00
3.501898717196136879e+00
3.501898717196136879e+00
3.501898717196136879e+00
3.501898717196136879e+00
3.501898717196136879e+00
3.501898717196136879e+00
3.501898717196136879e+00
3.501898717196136879e+00
3.501898717196136879e+00
3.501898717196136879e+00
3.501898717196136879e+00
3.501898717196136879e+00
3.501898717196136879e+00
3.501898717196136879e+00
3.501898717196136879e+00
3.501898717196136879e+00
3.501898717196136879e+00
3.501898717196136879e+00
3.501898717196136879e+00
3.501898717196136879e+00
3.501898717196136879e+00
3.501898717196136879e+00
3.501898717196136879e+00
3.501898717196136879e+00
3.501898717196136879e+00
3.501898717196136879e+00
3.501898717196136879e+00
3.501898717196136879e+00
3.501898717196136879e+00
3.501898717196136879e+00
3.501898717196136879e+00
3.501898717196136879e+00
3.501898717196136879e+00
3.501898717196136879e+00
3.501898717196136879e+00
3.501898717196136879e+00
3.501898717196136879e+00
3.501898717196136879e+00
3.501898717196136879e+00
3.501898717196136879e+00
3.501898717196136879e+00
3.501898717196136879e+00
3.501898717196136879e+00
3.501898717196136879e+00
