0.000000000000000000e+00
3.151386796252562128e+00
3.151386796252562128e+00
3.151386796252562128e+00
3.151386796252562128e+00
3.151386796252562128e+00
3.151386796252562128e+00
3.151386796252562128e+00
3.151386796252562128e+00
3.151386796252562128e+00
3.151386796252562128e+00
3.151386796252562128e+00
3.151386796252562128e+00
3.151386796252562128e+00
3.151386796252562128e+00
3.151386796252562128e+00
3.151386796252562128e+00
3.151386796252562128e+00
3.151386796252562128e+00
3.151386796252562128e+00
3.151386796252562128e+00
3.151386796252562128e+00
3.151386796252562128e+00
3.151386796252562128e+00
3.151386796252562128e+00
3.151386796252562128e+00
3.151386796252562128e+00
3.151386796252562128e+00
3.151386796252562128e+00
3.151386796252562128e+00
3.151386796252562128e+00
3.151386796252562128e+00
3.151386796252562128e+00
3.151386796252562128e+00
3.151386796252562128e+00
3.151386796252562128e+00
3.151386796252562128e+00
3.151386796252562128e+00
3.151386796252562128e+00
3.151386796252562128e+00
3.151386796252562128e+00
3.151386796252562128e+00
3.151386796252562128e+00
3.151386796252562128e+00
3.151386796252562128e+00
3.151386796252562128e+00
3.151386796252562128e+00
3.151386796252562128e+00
3.151386796252562128e+00
3.151386796252562128e+00
3.151386796252562128e+00
3.151386796252562128e+00
3.151386796252562128e+00
3.151386796252562128e+00
3.151386796252562128e+00
3.151386796252562128e+00
3.151386796252562128e+00
3.151386796252562128e+00
3.151386796252562128e+00
3.151386796252562128e+00
3.151386796252562128e+00
3.151386796252562128e+00
3.151386796252562128e+00
3.151386796252562128e+00
3.151386796252562128e+00
3.151386796252562128e+00
3.151386796252562128e+00
3.151386796252562128e+00
3.151386796252562128e+00
3.151386796252562128e+00
3.151386796252562128e+00
3.151386796252562128e+00
3.151386796252562128e+00
3.151386796252562128e+00
3.151386796252562128e+00
3.151386796252562128e+00
3.151386796252562128e+00
3.151386796252562128e+00
3.151386796252562128e+00
3.151386796252562128e+00
3.151386796252562128e+00
