0.000000000000000000e+00
3.169281790380248154e+00
7.346947196168759575e+00
1.161517152135650832e+01
1.586691439773309753e+01
2.013136614739032382e+01
2.438591712591492211e+01
2.865433920842541937e+01
3.292317122525636108e+01
3.719427166892273107e+01
4.146383265757208392e+01
4.573449104204023996e+01
5.000514865502138662e+01
5.426254193131163817e+01
5.853172639587170067e+01
6.279680910901628721e+01
6.706642017586887050e+01
7.133575333443918964e+01
7.560560316904098954e+01
7.987395037994110680e+01
8.414389343197460391e+01
8.841336826755420475e+01
9.268276241200632626e+01
9.695322171405597089e+01
1.012231076109224261e+02
1.054930386535123574e+02
1.097625780258080965e+02
1.140330019271812603e+02
1.183024617774120912e+02
1.225711440739174520e+02
1.268399070445592400e+02
1.311094499458891676e+02
1.353794256349969771e+02
1.396495709112000725e+02
1.439196625045694589e+02
1.481896354847738735e+02
1.524590855839283563e+02
1.567290989765157008e+02
1.609980058478724629e+02
1.652669169903656439e+02
1.695363648702222861e+02
1.738064076211535962e+02
1.780756913544439328e+02
1.823454695193562145e+02
1.866155341013513862e+02
1.908854665411323310e+02
1.951549548768196871e+02
1.994242619351491612e+02
2.036942818531668991e+02
2.079640900799265353e+02
2.122331967813266260e+02
2.165019158181493424e+02
2.207716078442057324e+02
2.250415631572108452e+02
2.293101983725529749e+02
2.335802893477462874e+02
2.378498017326738534e+02
2.421195253696232896e+02
2.463883513030659458e+02
2.506575320540237328e+02
2.549272513248859298e+02
2.591969607559169617e+02
2.634667577299941854e+02
2.677363222356638630e+02
2.720071904685644881e+02
