0.000000000000000000e+00
3.277693212351489471e+00
3.289784007707571512e+00
3.289784007707571512e+00
3.289784007707571512e+00
3.289784007707571512e+00
3.289784007707571512e+00
3.289784007707571512e+00
3.289784007707571512e+00
3.289784007707571512e+00
3.289784007707571512e+00
3.289784007707571512e+00
3.289784007707571512e+00
3.289784007707571512e+00
3.289784007707571512e+00
3.289784007707571512e+00
3.289784007707571512e+00
3.289784007707571512e+00
3.289784007707571512e+00
3.289784007707571512e+00
3.289784007707571512e+00
3.289784007707571512e+00
3.289784007707571512e+00
3.289784007707571512e+00
3.289784007707571512e+00
3.289784007707571512e+00
3.289784007707571512e+00
3.289784007707571512e+00
3.289784007707571512e+00
3.289784007707571512e+00
3.289784007707571512e+00
3.289784007707571512e+00
3.289784007707571512e+00
3.289784007707571512e+00
3.289784007707571512e+00
3.289784007707571512e+00
3.289784007707571512e+00
3.289784007707571512e+00
3.289784007707571512e+00
3.289784007707571512e+00
3.289784007707571512e+00
3.289784007707571512e+00
3.289784007707571512e+00
3.289784007707571512e+00
3.289784007707571512e+00
3.289784007707571512e+00
3.289784007707571512e+00
3.289784007707571512e+00
3.289784007707571512e+00
3.289784007707571512e+00
3.289784007707571512e+00
3.289784007707571512e+00
3.289784007707571512e+00
3.289784007707571512e+00
3.289784007707571512e+00
3.289784007707571512e+00
3.289784007707571512e+00
3.289784007707571512e+00
3.289784007707571512e+00
3.289784007707571512e+00
3.289784007707571512e+00
3.289784007707571512e+00
3.289784007707571512e+00
3.289784007707571512e+00
3.289784007707571512e+00
3.289784007707571512e+00
3.289784007707571512e+00
3.289784007707571512e+00
3.289784007707571512e+00
3.289784007707571512e+00
3.289784007707571512e+00
3.289784007707571512e+00
3.289784007707571512e+00
3.289784007707571512e+00
3.289784007707571512e+00
3.289784007707571512e+00
3.289784007707571512e+00
3.289784007707571512e+00
3.289784007707571512e+00
3.289784007707571512e+00
3.289784007707571512e+00
3.289784007707571512e+00
3.289784007707571512e+00
3.289784007707571512e+00
3.289784007707571512e+00
3.289784007707571512e+00
3.289784007707571512e+00
3.289784007707571512e+00
3.289784007707571512e+00
3.289784007707571512e+00
3.289784007707571512e+00
3.289784007707571512e+00
3.289784007707571512e+00
3.289784007707571512e+00
3.289784007707571512e+00
3.289784007707571512e+00
3.289784007707571512e+00
