0.000000000000000000e+00
3.059810991371205269e+00
7.185190145480936152e+00
1.129773778759723513e+01
1.541802500108180851e+01
1.953663790456608140e+01
2.366980408390531920e+01
2.780411920804152714e+01
3.193312537096766590e+01
3.606535182093021064e+01
4.019932698326704212e+01
4.433344218096662814e+01
4.846655990729687602e+01
5.259770901067688698e+01
5.673110292205784333e+01
6.086492636839340520e+01
6.499634671399199704e+01
6.913045090984259389e+01
7.326162992110430139e+01
7.739427235293486262e+01
8.152715299307706687e+01
8.565968524799592387e+01
8.979173431573202890e+01
9.392522926589195720e+01
9.805787331255953632e+01
1.021898581061207523e+02
1.063231036666650624e+02
1.104563702714729203e+02
1.145891538386604367e+02
1.187225877122092044e+02
1.228556418432999351e+02
1.269892685956042726e+02
1.311225314897636451e+02
1.352559472930695961e+02
1.393888993025184675e+02
1.435224837813962608e+02
1.476558951468917087e+02
1.517896843091559731e+02
1.559228775979871671e+02
1.600562991507175070e+02
1.641893865467415594e+02
1.683217335051120642e+02
1.724551702863313949e+02
1.765877693920210731e+02
1.807202736105705583e+02
1.848531715409721130e+02
1.889866603217128329e+02
1.931197388931348371e+02
1.972542521671661859e+02
