0.000000000000000000e+00 0.000000000000000000e+00 0.000000000000000000e+00 0.000000000000000000e+00 0.000000000000000000e+00 0.000000000000000000e+00 0.000000000000000000e+00 0.000000000000000000e+00
1.771085151975881899e-04 0.000000000000000000e+00 0.000000000000000000e+00 0.000000000000000000e+00 0.000000000000000000e+00 0.000000000000000000e+00 9.152639399045980895e-04 4.275226652339370048e-04
2.470104428596694990e-02 0.000000000000000000e+00 2.975772860102348510e-04 4.067052469326484787e-02 6.488915997084626630e-02 0.000000000000000000e+00 9.182101309924872896e-04 4.275226652339370048e-04
2.558645864570137721e-02 0.000000000000000000e+00 4.429123514873650747e-03 4.067052469326484787e-02 6.488915997084626630e-02 2.267812658065526676e-04 9.182101309924872896e-04 4.983453881706678690e-03
2.558645864570137721e-02 5.554776208490097567e-03 1.583264208851015153e-02 4.627540287681390641e-02 7.434531576525151009e-02 2.267812658065526676e-04 9.182101309924872896e-04 8.816084555401183451e-03
2.558645864570137721e-02 6.273812253056245368e-03 1.583264208851015153e-02 5.022350470424528923e-02 7.434531576525151009e-02 2.267812658065526676e-04 1.278992666421174818e-03 1.250699594819264238e-02
2.558645864570137721e-02 2.077775268481296678e-02 1.583264208851015153e-02 6.325109092378156106e-02 8.683744890750064171e-02 2.267812658065526676e-04 1.428857721335954900e-03 1.250699594819264238e-02
2.558645864570137721e-02 2.077775268481296678e-02 1.583264208851015153e-02 7.280966536013444568e-02 8.915373926633929358e-02 1.246045326519368973e-02 6.453873731952164405e-03 2.691800752556883225e-02
2.558645864570137721e-02 2.077775268481296678e-02 1.583264208851015153e-02 7.604947212343254881e-02 9.287484582277016898e-02 1.246045326519368973e-02 9.892399217008573942e-03 2.691800752556883225e-02
2.558645864570137721e-02 2.077775268481296678e-02 1.583264208851015153e-02 7.660720830703371398e-02 9.311343205893152231e-02 1.246045326519368973e-02 9.892399217008573942e-03 2.691800752556883225e-02
2.558645864570137721e-02 2.077775268481296678e-02 1.583264208851015153e-02 7.660720830703371398e-02 9.342946322842493601e-02 1.246045326519368973e-02 9.892399217008573942e-03 2.691800752556883225e-02
2.558645864570137721e-02 2.077775268481296678e-02 1.639896735716206422e-02 7.660720830703371398e-02 9.342946322842493601e-02 1.246045326519368973e-02 9.892399217008573942e-03 2.703796409450615751e-02
2.558645864570137721e-02 2.128610818805043436e-02 1.639896735716206422e-02 7.660720830703371398e-02 9.342946322842493601e-02 1.246045326519368973e-02 1.002616777658965792e-02 2.703796409450615751e-02
2.558645864570137721e-02 2.128610818805043436e-02 1.886152974310640468e-02 7.722270491913341139e-02 9.342946322842493601e-02 1.251600268802377514e-02 1.002616777658965792e-02 2.703796409450615751e-02
2.558645864570137721e-02 2.128610818805043436e-02 1.886152974310640468e-02 7.759286867695547318e-02 9.342946322842493601e-02 1.351829745573951413e-02 1.002616777658965792e-02 2.703796409450615751e-02
2.558645864570137721e-02 2.128610818805043436e-02 1.886152974310640468e-02 7.997249981371887251e-02 9.413446513220150025e-02 1.351829745573951413e-02 1.037269926677453213e-02 2.703796409450615751e-02
2.558645864570137721e-02 2.128610818805043436e-02 2.110750563145571967e-02 8.155353354288524814e-02 9.413446513220150025e-02 1.711965350096278371e-02 1.037269926677453213e-02 2.703796409450615751e-02
