0.000000000000000000e+00
3.092677319555320103e+00
7.247291458003307874e+00
1.145421169794934002e+01
1.564247348585120356e+01
1.984921087050070554e+01
2.407268457877232848e+01
2.828877701458273464e+01
3.251609213535407861e+01
3.674267038113752193e+01
4.094857119044486637e+01
4.517003696144064406e+01
4.939074378983893610e+01
5.361638677586282142e+01
5.784142848405220860e+01
6.206599679077849174e+01
6.628975355328812213e+01
7.051537184842050010e+01
7.473980943439021019e+01
7.896174648381214922e+01
8.318634702214782806e+01
8.741087483123425272e+01
9.163550792142891055e+01
9.586056310871813935e+01
1.000860575210352295e+02
1.043108929759069810e+02
1.085355699697132650e+02
1.127608612453356756e+02
1.169857627987660749e+02
1.212103865387045118e+02
1.254343832532378826e+02
1.296594874617844368e+02
1.338848296678076224e+02
1.381099854626523040e+02
1.423351393385310075e+02
1.465602973290939985e+02
1.507857136352000964e+02
1.550108783840190085e+02
1.592361565835053909e+02
1.634616063474484235e+02
1.676870265015978418e+02
1.719124014857345060e+02
1.761377377740150223e+02
1.803630728800019938e+02
1.845885092299324981e+02
1.888139617544005660e+02
1.930394105444516413e+02
1.972648737351095747e+02
2.014901159638185106e+02
2.057155502329196111e+02
2.099409649959146122e+02
2.141663553411396492e+02
2.183917675895997093e+02
2.226171730337937618e+02
2.268426075349789244e+02
2.310679734069311166e+02
2.352933171197553577e+02
2.395187583420909050e+02
2.437441382068540179e+02
2.479695203258027334e+02
2.521948806115638035e+02
2.564202592469935098e+02
2.606456535007762341e+02
2.648710346067755381e+02
2.690965566529184798e+02
