0.000000000000000000e+00 0.000000000000000000e+00 0.000000000000000000e+00 0.000000000000000000e+00 0.000000000000000000e+00 0.000000000000000000e+00 0.000000000000000000e+00 0.000000000000000000e+00 0.000000000000000000e+00 0.000000000000000000e+00 0.000000000000000000e+00 0.000000000000000000e+00 0.000000000000000000e+00 0.000000000000000000e+00 0.000000000000000000e+00 0.000000000000000000e+00 0.000000000000000000e+00 0.000000000000000000e+00 0.000000000000000000e+00 0.000000000000000000e+00 0.000000000000000000e+00 0.000000000000000000e+00 0.000000000000000000e+00 0.000000000000000000e+00
4.247015066169521069e-03 0.000000000000000000e+00 3.164825385241943397e-03 4.058227964576825719e-03 6.525224059719583053e-04 5.724168877848080650e-03 9.270947395823419049e-03 0.000000000000000000e+00 0.000000000000000000e+00 4.296905120731614978e-03 0.000000000000000000e+00 8.809571222834365958e-03 3.916620934935404266e-03 3.254638229880073980e-04 4.580760128196062833e-03 1.030216263865105925e-02 1.276053354629636503e-03 7.712896971860646114e-04 5.333912171682281787e-03 6.167511386456202629e-03 1.936228884135277051e-04 0.000000000000000000e+00 5.539993664831230867e-03 4.638051022574619930e-03
7.405634227484933149e-03 0.000000000000000000e+00 3.686613775999846021e-03 8.405744648900537186e-03 5.030130249836013701e-03 6.623726538774448586e-03 9.270947395823419049e-03 6.374655985894681770e-04 4.392486973453041399e-03 1.152306637255421685e-02 0.000000000000000000e+00 1.207764158454770198e-02 6.908394252730893498e-03 2.741529706697940980e-03 8.723503625096107328e-03 1.549261354589516471e-02 3.231042953045835768e-03 1.266728335947707538e-03 9.947949866167975219e-03 6.699907833747069386e-03 5.329808205443448826e-04 6.754505467967187628e-03 6.008548029123872425e-03 7.087673372824948928e-03
2.158742229366365090e-02 7.879754979386532909e-03 1.099889044584445585e-02 1.881321928514090303e-02 6.578454853375409472e-03 7.657120454792262776e-03 1.667300022168950041e-02 6.374655985894681770e-04 6.539555721771563371e-03 2.072338434536750290e-02 0.000000000000000000e+00 1.363802656106168770e-02 1.017235505932220091e-02 1.022545751040837558e-02 2.164848442662559158e-02 2.035664853309704370e-02 3.231042953045835768e-03 1.046326961841614889e-02 9.947949866167975219e-03 1.340253612215205198e-02 6.832705601265455508e-03 1.324166042777184110e-02 7.856075720083986053e-03 1.523469112813380377e-02
3.683149920214918993e-02 7.879754979386532909e-03 1.460610034084208753e-02 1.881321928514090303e-02 1.586929923831242178e-02 1.781659242588951031e-02 1.667300022168950041e-02 3.779948135455964142e-03 6.539555721771563371e-03 3.651588485941888867e-02 1.925754417949427505e-02 2.776026527564737223e-02 1.017235505932220091e-02 2.383109778838280596e-02 2.164848442662559158e-02 2.035664853309704370e-02 1.810777449084786939e-02 2.098893507809584946e-02 1.110230194713455326e-02 2.341168313942503659e-02 1.341740615828790339e-02 2.583865185093952091e-02 7.856075720083986053e-03 2.343114790010548260e-02
3.683149920214918993e-02 9.972434452055943532e-03 1.460610034084208753e-02 2.027498168773855802e-02 1.740053289780263412e-02 1.844861771754072871e-02 1.899235677816674128e-02 5.427122733368656970e-03 8.855539881366066013e-03 3.651588485941888867e-02 1.965870574682071492e-02 2.776026527564737223e-02 1.017235505932220091e-02 2.472405216258956318e-02 2.316855983291498527e-02 2.135926480891598561e-02 1.810777449084786939e-02 2.235439956818974228e-02 1.110230194713455326e-02 2.692262445324189457e-02 1.613589329993621660e-02 2.583865185093952091e-02 8.975467560651498311e-03 2.343114790010548260e-02
3.683149920214918993e-02 1.208658848798821461e-02 1.477329929859173482e-02 2.262999472409842408e-02 2.013643315198089881e-02 1.869786509571372615e-02 1.977711391352732564e-02 7.341529923565874236e-03 9.926003125268367810e-03 3.651588485941888867e-02 1.970594452679570036e-02 2.776026527564737223e-02 1.249439096025878326e-02 2.472405216258956318e-02 2.478418533154583964e-02 2.282357301915498987e-02 1.810777449084786939e-02 2.269511839665976777e-02 1.110230194713455326e-02 2.999301960068066764e-02 1.805378033291960005e-02 2.583865185093952091e-02 9.253290360175830953e-03 2.474779634132571668e-02
3.683149920214918993e-02 1.213538819448396755e-02 1.481488409507467074e-02 2.262999472409842408e-02 2.018319382091791903e-02 1.869786509571372615e-02 1.992248990718846480e-02 7.421429895738240745e-03 1.010313323672072661e-02 3.651588485941888867e-02 1.971296310746593894e-02 2.776026527564737223e-02 1.272499977895813483e-02 2.472405216258956318e-02 2.511471065568926520e-02 2.324603615680151392e-02 1.869171432286062529e-02 2.298940383468217608e-02 1.131553544603747241e-02 2.999301960068066764e-02 1.805378033291960005e-02 2.619662350057938571e-02 9.253290360175830953e-03 2.500959503445943088e-02
3.699413788354481702e-02 1.213538819448396755e-02 1.495895691167726388e-02 2.262999472409842408e-02 2.020090882621707745e-02 1.886186636324682295e-02 2.012626244622177721e-02 7.421429895738240745e-03 1.021751014460292595e-02 3.651588485941888867e-02 1.971296310746593894e-02 2.776026527564737223e-02 1.301613797511979448e-02 2.508572901223646290e-02 2.520548005466771713e-02 2.351231402453279884e-02 1.869171432286062529e-02 2.298940383468217608e-02 1.140927141595943217e-02 3.017808330351709478e-02 1.805378033291960005e-02 2.629278458058030912e-02 9.253290360175830953e-03 2.500959503445943088e-02
3.718748433099699352e-02 1.213538819448396755e-02 1.495895691167726388e-02 2.263052698489807085e-02 2.026735691149474800e-02 1.886186636324682295e-02 2.012626244622177721e-02 7.421429895738240745e-03 1.022433797139563755e-02 3.651588485941888867e-02 1.985643866348626302e-02 2.776026527564737223e-02 1.301613797511979448e-02 2.508572901223646290e-02 2.526543513553036746e-02 2.355003741366346048e-02 1.869542474276564281e-02 2.298940383468217608e-02 1.142077408026817564e-02 3.017808330351709478e-02 1.813100851412589865e-02 2.638836857666566199e-02 9.253290360175830953e-03 2.505455526501761121e-02
3.718748433099699352e-02 1.213538819448396755e-02 1.551571339220934875e-02 2.324944140574338944e-02 2.058279507654482698e-02 1.886186636324682295e-02 2.074489707798697624e-02 7.421429895738240745e-03 1.024236578550975774e-02 3.696566544818004341e-02 1.993365181362742600e-02 2.839599872065312614e-02 1.402746587991205579e-02 2.508572901223646290e-02 2.637524914077683108e-02 2.425913505686632179e-02 1.891484654822318118e-02 2.298940383468217608e-02 1.142077408026817564e-02 3.017808330351709478e-02 1.900435543147459272e-02 2.638836857666566199e-02 9.661280783888687856e-03 2.657160340031559931e-02
3.826232493575182358e-02 1.213538819448396755e-02 1.840435609880432255e-02 2.324944140574338944e-02 2.065597216987569151e-02 1.886186636324682295e-02 2.202839534628891691e-02 1.007080317698147084e-02 1.130538319773651337e-02 3.696566544818004341e-02 2.135429831521400146e-02 2.839599872065312614e-02 1.646486474546028644e-02 2.558832869460745535e-02 2.637524914077683108e-02 2.425913505686632179e-02 1.891484654822318118e-02 2.349577193839478412e-02 1.142077408026817564e-02 3.017808330351709478e-02 2.003433358908068840e-02 2.700587962447623114e-02 1.107480028300990640e-02 2.820648151696300912e-02
3.826232493575182358e-02 1.238996241432012771e-02 1.861486809421902811e-02 2.379737706035851136e-02 2.065597216987569151e-02 1.931405138148298631e-02 2.202839534628891691e-02 1.027197642320543808e-02 1.130538319773651337e-02 3.729952432634707493e-02 2.135429831521400146e-02 2.839599872065312614e-02 1.680180177621767856e-02 2.558832869460745535e-02 2.655142113443504509e-02 2.425913505686632179e-02 1.891484654822318118e-02 2.377152834543494464e-02 1.145161639479519433e-02 3.017808330351709478e-02 2.014991163772507365e-02 2.715086777800308424e-02 1.107480028300990640e-02 2.840794555740855376e-02
3.826232493575182358e-02 1.238996241432012771e-02 1.861486809421902811e-02 2.379737706035851136e-02 2.065597216987569151e-02 1.931405138148298631e-02 2.219045249577579482e-02 1.027197642320543808e-02 1.130538319773651337e-02 3.731787115887140460e-02 2.135429831521400146e-02 2.839599872065312614e-02 1.683336489978812939e-02 2.558832869460745535e-02 2.661198305737830574e-02 2.425913505686632179e-02 1.921559064044749826e-02 2.382972992264421538e-02 1.177274913155201830e-02 3.020956290980472692e-02 2.018079271377417466e-02 2.715086777800308424e-02 1.107480028300990640e-02 2.860903540933759995e-02
3.826232493575182358e-02 1.262620285554597738e-02 1.861486809421902811e-02 2.449783067918977555e-02 2.065597216987569151e-02 1.946388500251927667e-02 2.273743347929462616e-02 1.053477297272920055e-02 1.152781211503040026e-02 3.803331599450850836e-02 2.174607279349125705e-02 2.928537448085744010e-02 1.694739230811470598e-02 2.558832869460745535e-02 2.661198305737830574e-02 2.425913505686632179e-02 1.921559064044749826e-02 2.446498740196267896e-02 1.272988823418140167e-02 3.020956290980472692e-02 2.067147409952524439e-02 2.752283853093989707e-02 1.213508143900930702e-02 2.889621913986878399e-02
3.833945052245452123e-02 1.262620285554597738e-02 1.883108429740422071e-02 2.464367807713972736e-02 2.065597216987569151e-02 1.966066940072425800e-02 2.295857191462551475e-02 1.075650258298029537e-02 1.165540817808923858e-02 3.808875149435426988e-02 2.174607279349125705e-02 2.928537448085744010e-02 1.713364014488711826e-02 2.558832869460745535e-02 2.668630103730516498e-02 2.425913505686632179e-02 1.921559064044749826e-02 2.458643912020447297e-02 1.286232179861136055e-02 3.020956290980472692e-02 2.067147409952524439e-02 2.752283853093989707e-02 1.213508143900930702e-02 2.912595667765218582e-02
3.858478159697477372e-02 1.303847759231111653e-02 1.922810796068186862e-02 2.482301000998206331e-02 2.098144093457212506e-02 1.968706716697282005e-02 2.295857191462551475e-02 1.113276521387894860e-02 1.172643895865697547e-02 3.866301855655276953e-02 2.174607279349125705e-02 2.928537448085744010e-02 1.736401815657018233e-02 2.563290837390137800e-02 2.668630103730516498e-02 2.425913505686632179e-02 1.956720548207910304e-02 2.495910022644810822e-02 1.286232179861136055e-02 3.020956290980472692e-02 2.067147409952524439e-02 2.752283853093989707e-02 1.213508143900930702e-02 2.914637272514572844e-02
3.866011492908009994e-02 1.306972985686534298e-02 1.922810796068186862e-02 2.502210327068258439e-02 2.098144093457212506e-02 1.976800668713802125e-02 2.305368186306965689e-02 1.125425541518498829e-02 1.183345777314419658e-02 3.866301855655276953e-02 2.186133657127135865e-02 2.928537448085744010e-02 1.744521106362592958e-02 2.563290837390137800e-02 2.680336260984945290e-02 2.425913505686632179e-02 1.956720548207910304e-02 2.495910022644810822e-02 1.286232179861136055e-02 3.039582415064600446e-02 2.088763008721803913e-02 2.756807583877370418e-02 1.238583291033814107e-02 2.914637272514572844e-02
3.866011492908009994e-02 1.306972985686534298e-02 1.922810796068186862e-02 2.505475278195490318e-02 2.098144093457212506e-02 1.980194712930393591e-02 2.307893730906585006e-02 1.125425541518498829e-02 1.195434381481624841e-02 3.866301855655276953e-02 2.190559891600266790e-02 2.939557798363523489e-02 1.747819238650549778e-02 2.563290837390137800e-02 2.680336260984945290e-02 2.451044518227243202e-02 1.956720548207910304e-02 2.543432809155882213e-02 1.295323269197196092e-02 3.039582415064600446e-02 2.134059911645539570e-02 2.772788472823043207e-02 1.253995528068685417e-02 2.918453755969018307e-02
3.892171125830808098e-02 1.321794123816702471e-02 1.958047463519108078e-02 2.516947677120442289e-02 2.098609240228969247e-02 1.993824615420445451e-02 2.308066995113642467e-02 1.125425541518498829e-02 1.195434381481624841e-02 3.866301855655276953e-02 2.190559891600266790e-02 2.961794798188242817e-02 1.748500463568394836e-02 2.563290837390137800e-02 2.680336260984945290e-02 2.478594361632741050e-02 1.956720548207910304e-02 2.543432809155882213e-02 1.295323269197196092e-02 3.044395685515461497e-02 2.134814899558012957e-02 2.772788472823043207e-02 1.264796081511905534e-02 2.918453755969018307e-02
3.892171125830808098e-02 1.331354272418307921e-02 1.968822919697289786e-02 2.516947677120442289e-02 2.132101860708246477e-02 2.004479312933336171e-02 2.335993389734859066e-02 1.125425541518498829e-02 1.208189392174165155e-02 3.866301855655276953e-02 2.223069942144535738e-02 2.967356591306292979e-02 1.748500463568394836e-02 2.563290837390137800e-02 2.708956700637638743e-02 2.478594361632741050e-02 1.994365773467466491e-02 2.543432809155882213e-02 1.295323269197196092e-02 3.044395685515461497e-02 2.134814899558012957e-02 2.772788472823043207e-02 1.264796081511905534e-02 2.958774923749553365e-02
3.892171125830808098e-02 1.344878175996026826e-02 1.992560132029521508e-02 2.516947677120442289e-02 2.150917208817714615e-02 2.004479312933336171e-02 2.401276637512239631e-02 1.125425541518498829e-02 1.254178068978617500e-02 3.888724076917532413e-02 2.223069942144535738e-02 2.968224556908603123e-02 1.770930887515476115e-02 2.587184443485295027e-02 2.708956700637638743e-02 2.494629732534651978e-02 1.995450676200425516e-02 2.543432809155882213e-02 1.328972817942896539e-02 3.044395685515461497e-02 2.166687543153529225e-02 2.772788472823043207e-02 1.264796081511905534e-02 2.958774923749553365e-02
3.892171125830808098e-02 1.344878175996026826e-02 1.992560132029521508e-02 2.524464316475172332e-02 2.150917208817714615e-02 2.004479312933336171e-02 2.405208184025298124e-02 1.125425541518498829e-02 1.254178068978617500e-02 3.888724076917532413e-02 2.223069942144535738e-02 2.977828015566836434e-02 1.774189021165327451e-02 2.588759294291894525e-02 2.708956700637638743e-02 2.494629732534651978e-02 2.006727388939121698e-02 2.543432809155882213e-02 1.334298506593240008e-02 3.052035190973670375e-02 2.166687543153529225e-02 2.772788472823043207e-02 1.264796081511905534e-02 2.958774923749553365e-02
3.895638965478553928e-02 1.373583108625583624e-02 1.992560132029521508e-02 2.524464316475172332e-02 2.150917208817714615e-02 2.026898951602405796e-02 2.416004466174395682e-02 1.125425541518498829e-02 1.254178068978617500e-02 3.903182742796149074e-02 2.237402220387236032e-02 3.024159123327845033e-02 1.779834117025265450e-02 2.591826625512552024e-02 2.708956700637638743e-02 2.518262361358164850e-02 2.006727388939121698e-02 2.543432809155882213e-02 1.334298506593240008e-02 3.052035190973670375e-02 2.166687543153529225e-02 2.772788472823043207e-02 1.264796081511905534e-02 2.984662168009390160e-02
3.896296478777986488e-02 1.373583108625583624e-02 1.992560132029521508e-02 2.524464316475172332e-02 2.150917208817714615e-02 2.039370923435529850e-02 2.423623610207587681e-02 1.125425541518498829e-02 1.254178068978617500e-02 3.903182742796149074e-02 2.237674278079325105e-02 3.024159123327845033e-02 1.783492050756112224e-02 2.591826625512552024e-02 2.708956700637638743e-02 2.518262361358164850e-02 2.014007921692043818e-02 2.543432809155882213e-02 1.338365544790339964e-02 3.052035190973670375e-02 2.171081922508870388e-02 2.772788472823043207e-02 1.269414505818230315e-02 2.984662168009390160e-02
3.898713041446581068e-02 1.373583108625583624e-02 1.992560132029521508e-02 2.529059676875634877e-02 2.160766937103576757e-02 2.039370923435529850e-02 2.423623610207587681e-02 1.125425541518498829e-02 1.254178068978617500e-02 3.903182742796149074e-02 2.245881962868655907e-02 3.024159123327845033e-02 1.783492050756112224e-02 2.591826625512552024e-02 2.711769680136612293e-02 2.518262361358164850e-02 2.014007921692043818e-02 2.558687699993936887e-02 1.338365544790339964e-02 3.053533204796024525e-02 2.171081922508870388e-02 2.782881235890879990e-02 1.274439152015816035e-02 2.984662168009390160e-02
3.928695109973839861e-02 1.390784487499164765e-02 2.022859724370844672e-02 2.529059676875634877e-02 2.160766937103576757e-02 2.039370923435529850e-02 2.423623610207587681e-02 1.125425541518498829e-02 1.254178068978617500e-02 3.903182742796149074e-02 2.256745300092755091e-02 3.030651955163346858e-02 1.783492050756112224e-02 2.624701577165129696e-02 2.711769680136612293e-02 2.538406158952000169e-02 2.034227698100426335e-02 2.559027696315022138e-02 1.345247154611060175e-02 3.053533204796024525e-02 2.171081922508870388e-02 2.782881235890879990e-02 1.280747245482889360e-02 2.984662168009390160e-02
3.928695109973839861e-02 1.390784487499164765e-02 2.022859724370844672e-02 2.529059676875634877e-02 2.162031466997586110e-02 2.040726024677411155e-02 2.426449719456965498e-02 1.125425541518498829e-02 1.254178068978617500e-02 3.903182742796149074e-02 2.256745300092755091e-02 3.030651955163346858e-02 1.784881149789296906e-02 2.624701577165129696e-02 2.711769680136612293e-02 2.545579562260620599e-02 2.054322964293004566e-02 2.579645221287689416e-02 1.345247154611060175e-02 3.053533204796024525e-02 2.171081922508870388e-02 2.807229262554959692e-02 1.280747245482889360e-02 2.992443048317883214e-02
3.939117214778950493e-02 1.390784487499164765e-02 2.022859724370844672e-02 2.529059676875634877e-02 2.162031466997586110e-02 2.040726024677411155e-02 2.426449719456965498e-02 1.125425541518498829e-02 1.254184625206220677e-02 3.903182742796149074e-02 2.260124713184702427e-02 3.030651955163346858e-02 1.784881149789296906e-02 2.635475558286637376e-02 2.726113018254069931e-02 2.557828124301247952e-02 2.060592226968776391e-02 2.579645221287689416e-02 1.345247154611060175e-02 3.066877403220329146e-02 2.171081922508870388e-02 2.807229262554959692e-02 1.289020062916412801e-02 2.992443048317883214e-02
3.942427123825481550e-02 1.392880921792841176e-02 2.022859724370844672e-02 2.529059676875634877e-02 2.162031466997586110e-02 2.040726024677411155e-02 2.432782294036607562e-02 1.125425541518498829e-02 1.254184625206220677e-02 3.908598891537230779e-02 2.260124713184702427e-02 3.030651955163346858e-02 1.784881149789296906e-02 2.635475558286637376e-02 2.726113018254069931e-02 2.557828124301247952e-02 2.060592226968776391e-02 2.579645221287689416e-02 1.345247154611060175e-02 3.071999431174073092e-02 2.171397699389540636e-02 2.807229262554959692e-02 1.294373912828430950e-02 2.996650025707285614e-02
3.947314133248402968e-02 1.395790854736458919e-02 2.022859724370844672e-02 2.529059676875634877e-02 2.166990036536864742e-02 2.040726024677411155e-02 2.432782294036607562e-02 1.129639445815678461e-02 1.257414024525018575e-02 3.908598891537230779e-02 2.272207796068750202e-02 3.030651955163346858e-02 1.784881149789296906e-02 2.635475558286637376e-02 2.726113018254069931e-02 2.557828124301247952e-02 2.060592226968776391e-02 2.579645221287689416e-02 1.346462374087253194e-02 3.071999431174073092e-02 2.177192284461901967e-02 2.809857973818467858e-02 1.294373912828430950e-02 2.996650025707285614e-02
3.949301712251854224e-02 1.395790854736458919e-02 2.023729018745479280e-02 2.529059676875634877e-02 2.166990036536864742e-02 2.040726024677411155e-02 2.442354866181517536e-02 1.130107376021288745e-02 1.257414024525018575e-02 3.908598891537230779e-02 2.276957622253761998e-02 3.031621602617341760e-02 1.791397562167852675e-02 2.635475558286637376e-02 2.726113018254069931e-02 2.557828124301247952e-02 2.060592226968776391e-02 2.579645221287689416e-02 1.347959821611352527e-02 3.092074841579343231e-02 2.177192284461901967e-02 2.809857973818467858e-02 1.294373912828430950e-02 2.996650025707285614e-02
3.963753533633418424e-02 1.398799241892657169e-02 2.025222807477108228e-02 2.529059676875634877e-02 2.166990036536864742e-02 2.040726024677411155e-02 2.442354866181517536e-02 1.130107376021288745e-02 1.272902764772561313e-02 3.924714090982388964e-02 2.276957622253761998e-02 3.031621602617341760e-02 1.791397562167852675e-02 2.635475558286637376e-02 2.726113018254069931e-02 2.568467324584256320e-02 2.060592226968776391e-02 2.579645221287689416e-02 1.359389635893840792e-02 3.092074841579343231e-02 2.177192284461901967e-02 2.815215296261231251e-02 1.294373912828430950e-02 2.998261328511963794e-02
3.963753533633418424e-02 1.398799241892657169e-02 2.025222807477108228e-02 2.529059676875634877e-02 2.166990036536864742e-02 2.040726024677411155e-02 2.457023935147469029e-02 1.130107376021288745e-02 1.272902764772561313e-02 3.934368727077977579e-02 2.276957622253761998e-02 3.031621602617341760e-02 1.791397562167852675e-02 2.649495047076265430e-02 2.726113018254069931e-02 2.575511674683050867e-02 2.062946929451520833e-02 2.594456649885808208e-02 1.360296175211792025e-02 3.092074841579343231e-02 2.177192284461901967e-02 2.815215296261231251e-02 1.300696493940599330e-02 3.013608491322777166e-02
3.963753533633418424e-02 1.398799241892657169e-02 2.025222807477108228e-02 2.530690185448723761e-02 2.166990036536864742e-02 2.045639449951537625e-02 2.458780335115311189e-02 1.130107376021288745e-02 1.272902764772561313e-02 3.934368727077977579e-02 2.277425183566769706e-02 3.031621602617341760e-02 1.798491373333981069e-02 2.649495047076265430e-02 2.726280952614464070e-02 2.575511674683050867e-02 2.065578545878354877e-02 2.594456649885808208e-02 1.360296175211792025e-02 3.092074841579343231e-02 2.177192284461901967e-02 2.816638759258933977e-02 1.300696493940599330e-02 3.013608491322777166e-02
3.963753533633418424e-02 1.412349634720812264e-02 2.025222807477108228e-02 2.530690185448723761e-02 2.166990036536864742e-02 2.045639449951537625e-02 2.458780335115311189e-02 1.130107376021288745e-02 1.272902764772561313e-02 3.941581858437660790e-02 2.284523823398169201e-02 3.038829230759395456e-02 1.798491373333981069e-02 2.649495047076265430e-02 2.726280952614464070e-02 2.578207939734915993e-02 2.065578545878354877e-02 2.594456649885808208e-02 1.360296175211792025e-02 3.092074841579343231e-02 2.177192284461901967e-02 2.816638759258933977e-02 1.311082786141072598e-02 3.013608491322777166e-02
3.977294986381424424e-02 1.412349634720812264e-02 2.030419486358017722e-02 2.530690185448723761e-02 2.166990036536864742e-02 2.053962965988204159e-02 2.458780335115311189e-02 1.138228632797530504e-02 1.272902764772561313e-02 3.941581858437660790e-02 2.286559418407504984e-02 3.038829230759395456e-02 1.798491373333981069e-02 2.649495047076265430e-02 2.726280952614464070e-02 2.578207939734915993e-02 2.065578545878354877e-02 2.594456649885808208e-02 1.360296175211792025e-02 3.102596002151868093e-02 2.177192284461901967e-02 2.816638759258933977e-02 1.311082786141072598e-02 3.021527401449651193e-02
3.982732541333230264e-02 1.412349634720812264e-02 2.030419486358017722e-02 2.530690185448723761e-02 2.166990036536864742e-02 2.053962965988204159e-02 2.458780335115311189e-02 1.140375238980618350e-02 1.272902764772561313e-02 3.941581858437660790e-02 2.286559418407504984e-02 3.038829230759395456e-02 1.798491373333981069e-02 2.657065631395977984e-02 2.730558197513281021e-02 2.578207939734915993e-02 2.065578545878354877e-02 2.604286399908459920e-02 1.360296175211792025e-02 3.102596002151868093e-02 2.177192284461901967e-02 2.816638759258933977e-02 1.311082786141072598e-02 3.025319562469784562e-02
3.982732541333230264e-02 1.412349634720812264e-02 2.033908987336243909e-02 2.530690185448723761e-02 2.171687128081523435e-02 2.053962965988204159e-02 2.458780335115311189e-02 1.140375238980618350e-02 1.272902764772561313e-02 3.947733551348753950e-02 2.304957192628741963e-02 3.043557518487519445e-02 1.798491373333981069e-02 2.657065631395977984e-02 2.730558197513281021e-02 2.578207939734915993e-02 2.069799607786506485e-02 2.604286399908459920e-02 1.361930284140931702e-02 3.102596002151868093e-02 2.177192284461901967e-02 2.816638759258933977e-02 1.311082786141072598e-02 3.025319562469784562e-02
3.982732541333230264e-02 1.412349634720812264e-02 2.036927236660294321e-02 2.530690185448723761e-02 2.174935674162700727e-02 2.053962965988204159e-02 2.458780335115311189e-02 1.140375238980618350e-02 1.272902764772561313e-02 3.947733551348753950e-02 2.311689533998985413e-02 3.043557518487519445e-02 1.798491373333981069e-02 2.657065631395977984e-02 2.730989250592159856e-02 2.578207939734915993e-02 2.069799607786506485e-02 2.604286399908459920e-02 1.361930284140931702e-02 3.109428293512980779e-02 2.177192284461901967e-02 2.816638759258933977e-02 1.314364339022827677e-02 3.025319562469784562e-02
3.986070225364379133e-02 1.418997538574516548e-02 2.036927236660294321e-02 2.530690185448723761e-02 2.178027316158481080e-02 2.054797141487169077e-02 2.458780335115311189e-02 1.140375238980618350e-02 1.272902764772561313e-02 3.947733551348753950e-02 2.311689533998985413e-02 3.043557518487519445e-02 1.798491373333981069e-02 2.657065631395977984e-02 2.730989250592159856e-02 2.580658968869447428e-02 2.069799607786506485e-02 2.604286399908459920e-02 1.361930284140931702e-02 3.126568767487341444e-02 2.177472813267065932e-02 2.816638759258933977e-02 1.314730791351428896e-02 3.025319562469784562e-02
3.986070225364379133e-02 1.424917238211657888e-02 2.036927236660294321e-02 2.530690185448723761e-02 2.178027316158481080e-02 2.054797141487169077e-02 2.461820721708107840e-02 1.140375238980618350e-02 1.272902764772561313e-02 3.947733551348753950e-02 2.311689533998985413e-02 3.043557518487519445e-02 1.800635760306874833e-02 2.657065631395977984e-02 2.736991102451187541e-02 2.580658968869447428e-02 2.078002197769189541e-02 2.604286399908459920e-02 1.361930284140931702e-02 3.126568767487341444e-02 2.177472813267065932e-02 2.816638759258933977e-02 1.314730791351428896e-02 3.025319562469784562e-02
3.986070225364379133e-02 1.424917238211657888e-02 2.036927236660294321e-02 2.530690185448723761e-02 2.182504776025325985e-02 2.054797141487169077e-02 2.464643901799234288e-02 1.146956069908355857e-02 1.272902764772561313e-02 3.947733551348753950e-02 2.314845355575470900e-02 3.043557518487519445e-02 1.800635760306874833e-02 2.657065631395977984e-02 2.736991102451187541e-02 2.580658968869447428e-02 2.078002197769189541e-02 2.604286399908459920e-02 1.361930284140931702e-02 3.126568767487341444e-02 2.177472813267065932e-02 2.816638759258933977e-02 1.315102829238135387e-02 3.025319562469784562e-02
3.986070225364379133e-02 1.424917238211657888e-02 2.036927236660294321e-02 2.530690185448723761e-02 2.184334262200091081e-02 2.055451943981978502e-02 2.464643901799234288e-02 1.152486115344938250e-02 1.272902764772561313e-02 3.947733551348753950e-02 2.321948175445243123e-02 3.043557518487519445e-02 1.800635760306874833e-02 2.657065631395977984e-02 2.754698559704847616e-02 2.583640767757839143e-02 2.078655277060870166e-02 2.604286399908459920e-02 1.361930284140931702e-02 3.127511750624170639e-02 2.177472813267065932e-02 2.816638759258933977e-02 1.315102829238135387e-02 3.025319562469784562e-02
3.987813858105694609e-02 1.424917238211657888e-02 2.039991247949533848e-02 2.530690185448723761e-02 2.184334262200091081e-02 2.055451943981978502e-02 2.464643901799234288e-02 1.152486115344938250e-02 1.280561980809125089e-02 3.954194186296091512e-02 2.321948175445243123e-02 3.043557518487519445e-02 1.803235522957668049e-02 2.657158902553849802e-02 2.754698559704847616e-02 2.584694585189714622e-02 2.078655277060870166e-02 2.604286399908459920e-02 1.361930284140931702e-02 3.127511750624170639e-02 2.179186496213978558e-02 2.831780712047559517e-02 1.315102829238135387e-02 3.025319562469784562e-02
3.987813858105694609e-02 1.424917238211657888e-02 2.043311301029598903e-02 2.530690185448723761e-02 2.187661809065843954e-02 2.055451943981978502e-02 2.483791571021637043e-02 1.152486115344938250e-02 1.280561980809125089e-02 3.954194186296091512e-02 2.321948175445243123e-02 3.044811658904099730e-02 1.803235522957668049e-02 2.657158902553849802e-02 2.762228482560889070e-02 2.584694585189714622e-02 2.078655277060870166e-02 2.604286399908459920e-02 1.361930284140931702e-02 3.127511750624170639e-02 2.179186496213978558e-02 2.831780712047559517e-02 1.323527941574438940e-02 3.025319562469784562e-02
3.987813858105694609e-02 1.424917238211657888e-02 2.046423522753169910e-02 2.530690185448723761e-02 2.187661809065843954e-02 2.055451943981978502e-02 2.483791571021637043e-02 1.152819016853730630e-02 1.280561980809125089e-02 3.962592934328842964e-02 2.321948175445243123e-02 3.047623398613701073e-02 1.803235522957668049e-02 2.657158902553849802e-02 2.762228482560889070e-02 2.584694585189714622e-02 2.078655277060870166e-02 2.604286399908459920e-02 1.369008836400618587e-02 3.127511750624170639e-02 2.179186496213978558e-02 2.831780712047559517e-02 1.326683357967795018e-02 3.025319562469784562e-02
3.987813858105694609e-02 1.428197118441515423e-02 2.048799689143829261e-02 2.530690185448723761e-02 2.187661809065843954e-02 2.055451943981978502e-02 2.490284450869341762e-02 1.153316200048644380e-02 1.297556328489690713e-02 3.962592934328842964e-02 2.321948175445243123e-02 3.047623398613701073e-02 1.805100214146498211e-02 2.657158902553849802e-02 2.762228482560889070e-02 2.584694585189714622e-02 2.078655277060870166e-02 2.604286399908459920e-02 1.369008836400618587e-02 3.127511750624170639e-02 2.179315302076081234e-02 2.831780712047559517e-02 1.333631727165591682e-02 3.030852136157391116e-02
3.987813858105694609e-02 1.428197118441515423e-02 2.048799689143829261e-02 2.530690185448723761e-02 2.187661809065843954e-02 2.055451943981978502e-02 2.490284450869341762e-02 1.153316200048644380e-02 1.297556328489690713e-02 3.962592934328842964e-02 2.321948175445243123e-02 3.047623398613701073e-02 1.805100214146498211e-02 2.657158902553849802e-02 2.762228482560889070e-02 2.584694585189714622e-02 2.078655277060870166e-02 2.604286399908459920e-02 1.369008836400618587e-02 3.127511750624170639e-02 2.179315302076081234e-02 2.831780712047559517e-02 1.333631727165591682e-02 3.030852136157391116e-02
