0.000000000000000000e+00 0.000000000000000000e+00 0.000000000000000000e+00 0.000000000000000000e+00 0.000000000000000000e+00 0.000000000000000000e+00 0.000000000000000000e+00 0.000000000000000000e+00
5.640299589959596460e-05 0.000000000000000000e+00 0.000000000000000000e+00 1.077288684320443224e-03 2.092624284477651031e-04 4.449515319668861935e-04 0.000000000000000000e+00 0.000000000000000000e+00
5.640299589959596460e-05 1.908583035139521655e-04 3.287094044944309512e-04 1.077288684320443224e-03 2.092624284477651031e-04 4.449515319668861935e-04 1.617413865884209656e-04 5.223506717255688159e-05
5.640299589959596460e-05 6.277412515232767267e-04 3.287094044944309512e-04 1.527526656725989532e-03 2.320558041611283122e-04 8.571255654204436780e-04 6.209259597386917670e-04 5.340675116625524501e-05
5.640299589959596460e-05 6.277412515232767267e-04 3.798825884029355393e-04 1.529189313860483635e-03 2.320558041611283122e-04 8.589437038315494988e-04 6.600734973232614102e-04 1.239281022740695674e-04
7.833718281702317654e-05 6.277412515232767267e-04 4.190544973141641094e-04 1.548555793952743898e-03 2.320558041611283122e-04 8.589437038315494988e-04 6.600734973232614102e-04 1.239281022740695674e-04
7.877312091010015525e-05 6.277412515232767267e-04 6.460021190690667936e-04 1.571452802800493926e-03 4.399106704490089812e-04 1.026700463945928732e-03 6.600734973232614102e-04 1.239281022740695674e-04
1.670236568180882841e-04 6.277412515232767267e-04 7.427950764409274598e-04 1.571452802800493926e-03 4.899806094655900779e-04 1.055270055585499174e-03 6.600734973232614102e-04 1.239281022740695674e-04
1.888527242202607884e-04 6.277412515232767267e-04 7.427950764409274598e-04 1.573127368808819974e-03 5.269867207573497581e-04 1.055270055585499174e-03 6.600734973232614102e-04 1.239281022740695674e-04
1.888527242202607884e-04 6.277412515232767267e-04 7.427950764409274598e-04 1.596029857595447458e-03 5.269867207573497581e-04 1.058665852795570572e-03 6.600734973232614102e-04 1.589496412854884966e-04
2.274644380480433166e-04 6.277412515232767267e-04 7.775758078452099653e-04 1.596029857595447458e-03 5.269867207573497581e-04 1.058665852795570572e-03 6.600734973232614102e-04 1.843842997016188843e-04
2.274644380480433166e-04 6.527204579727982191e-04 7.775758078452099653e-04 1.630060388727372356e-03 5.269867207573497581e-04 1.058665852795570572e-03 6.600734973232614102e-04 1.843842997016188843e-04
2.281092879902758266e-04 6.527204579727982191e-04 7.775758078452099653e-04 1.630060388727372356e-03 5.269867207573497581e-04 1.058665852795570572e-03 6.954386232166087905e-04 2.104178857109673118e-04
2.281092879902758266e-04 6.868053042765609462e-04 7.775758078452099653e-04 1.630060388727372356e-03 5.269867207573497581e-04 1.058665852795570572e-03 7.203056947392587122e-04 2.104178857109673118e-04
2.281092879902758266e-04 6.868053042765609462e-04 7.775758078452099653e-04 1.630060388727372356e-03 5.269867207573497581e-04 1.058665852795570572e-03 7.538699489971966913e-04 2.367818681037192619e-04
2.281092879902758266e-04 7.137476041236823221e-04 8.115200368833874398e-04 1.630060388727372356e-03 5.269867207573497581e-04 1.058665852795570572e-03 7.538699489971966913e-04 2.367818681037192619e-04
2.281092879902758266e-04 7.137476041236823221e-04 8.460245267820341343e-04 1.656444706824800051e-03 5.269867207573497581e-04 1.058665852795570572e-03 7.538699489971966913e-04 2.367818681037192619e-04
