0.000000000000000000e+00
2.886906609805748314e+00
6.720606258200776395e+00
1.056776095601427023e+01
1.443003720982416560e+01
1.827477507402005230e+01
2.213969356034120040e+01
2.599499072151595414e+01
2.989069176783957005e+01
3.377156233924056039e+01
3.764854655279714279e+01
4.153745031793577880e+01
4.541999330145370806e+01
4.928142949527322969e+01
5.315925753109844720e+01
5.705201554767941730e+01
6.094433865451470211e+01
6.483704536577970146e+01
6.872579195941047203e+01
7.261852523928628500e+01
7.650623846872113631e+01
8.039857321418239167e+01
8.429170180017598568e+01
8.818465044964867161e+01
9.207740994173097704e+01
9.596819310119300894e+01
9.985999764377257293e+01
1.037527517723402894e+02
1.076444480874880014e+02
1.115371364409572266e+02
1.154286418845233726e+02
1.193209791372216273e+02
1.232141915286016456e+02
