0.000000000000000000e+00
2.934216490633406060e+00
2.952976044159034252e+00
2.952976044159034252e+00
2.952976044159034252e+00
2.952976044159034252e+00
2.952976044159034252e+00
2.952976044159034252e+00
2.952976044159034252e+00
2.952976044159034252e+00
2.952976044159034252e+00
2.952976044159034252e+00
2.952976044159034252e+00
2.952976044159034252e+00
2.952976044159034252e+00
2.952976044159034252e+00
2.952976044159034252e+00
2.952976044159034252e+00
2.952976044159034252e+00
2.952976044159034252e+00
2.952976044159034252e+00
2.952976044159034252e+00
2.952976044159034252e+00
2.952976044159034252e+00
2.952976044159034252e+00
2.952976044159034252e+00
2.952976044159034252e+00
2.952976044159034252e+00
2.952976044159034252e+00
2.952976044159034252e+00
2.952976044159034252e+00
2.952976044159034252e+00
2.952976044159034252e+00
2.952976044159034252e+00
2.952976044159034252e+00
2.952976044159034252e+00
2.952976044159034252e+00
2.952976044159034252e+00
2.952976044159034252e+00
2.952976044159034252e+00
2.952976044159034252e+00
2.952976044159034252e+00
2.952976044159034252e+00
2.952976044159034252e+00
2.952976044159034252e+00
2.952976044159034252e+00
2.952976044159034252e+00
2.952976044159034252e+00
2.952976044159034252e+00
2.952976044159034252e+00
2.952976044159034252e+00
2.952976044159034252e+00
2.952976044159034252e+00
2.952976044159034252e+00
2.952976044159034252e+00
2.952976044159034252e+00
2.952976044159034252e+00
2.952976044159034252e+00
2.952976044159034252e+00
2.952976044159034252e+00
2.952976044159034252e+00
2.952976044159034252e+00
2.952976044159034252e+00
2.952976044159034252e+00
2.952976044159034252e+00
