0.000000000000000000e+00
2.970751352984356330e+00
6.732639087187967775e+00
1.044631499024636234e+01
1.432543224267324078e+01
1.825701511752382800e+01
2.208644329719471955e+01
2.600797533939470796e+01
2.986109319169325715e+01
3.375859576025808906e+01
3.767949908783197799e+01
4.160204000942299274e+01
4.550344715027499376e+01
4.942645529797738391e+01
5.335137763141917588e+01
5.726644407507929913e+01
6.118231489084221408e+01
6.510170709902874364e+01
6.902530200786748082e+01
7.293073303900814608e+01
7.684714957884997943e+01
8.076900723667233706e+01
8.469556644269198387e+01
8.860943548023301730e+01
9.252929176298465563e+01
9.645079604478769397e+01
1.003755999301077679e+02
1.042976366973791187e+02
1.082206784181010732e+02
1.121431919597341675e+02
1.160649810414498830e+02
1.199867390188679650e+02
1.239132083520956229e+02
