0.000000000000000000e+00
2.844555856072669808e+00
6.670913612685004601e+00
1.041942669834592650e+01
1.416502951114875763e+01
1.791093729373555021e+01
2.176152674947941890e+01
2.554706241623028973e+01
2.928806720335087732e+01
3.308845908959395388e+01
3.677039666763330672e+01
4.056501686730772605e+01
4.434595584813785507e+01
4.815074732831956794e+01
5.196476431060548862e+01
5.576316164184871127e+01
5.957686552209975162e+01
6.337914567252938980e+01
6.717741187682517534e+01
7.100083405302507344e+01
7.480072321443390138e+01
7.861959531355859099e+01
8.243893930872981457e+01
8.625849851775546995e+01
9.007774128852760498e+01
9.389889662687036775e+01
9.771859427010470256e+01
1.015322825453308866e+02
1.053491007649876678e+02
1.091667716804531523e+02
1.129847421277547710e+02
1.168017731458242991e+02
1.206251696359673105e+02
