0.000000000000000000e+00
3.575810438687769821e+00
7.673484651741866003e+00
1.157162449051404707e+01
1.594414161525348206e+01
2.007045195309950003e+01
2.427187447220823913e+01
2.863636758658415715e+01
3.298178310929442603e+01
3.696763835612619431e+01
4.126959163986866486e+01
4.558405623366927273e+01
4.990179011498860717e+01
5.430421766888779445e+01
5.862479630645996309e+01
6.300723765728935888e+01
6.740643425214049955e+01
7.182342153484128744e+01
7.621780899365998607e+01
8.053767082436124269e+01
8.496368576313206233e+01
8.936998602018438476e+01
9.376692424761031930e+01
9.816974104681266056e+01
1.025696794851446043e+02
1.069805464554951300e+02
1.113700221717382703e+02
1.157693553565489992e+02
1.201738579643603799e+02
1.245911633786213741e+02
1.289991542246916936e+02
1.334163868198628506e+02
1.378336418562568895e+02
1.422372470285775705e+02
1.466285684988637001e+02
1.510483128567132951e+02
1.554637413724794044e+02
1.598758536189426138e+02
1.642845228317214605e+02
1.686739057592773747e+02
1.730801636102055738e+02
1.774753934336150678e+02
1.818862162841446661e+02
1.862841379362859300e+02
1.907002336298243677e+02
1.951112049387298839e+02
1.995222533866088384e+02
2.039353977526133406e+02
2.083556330163701773e+02
2.127659138702961741e+02
2.171728891644353041e+02
2.215799414800122236e+02
2.259928394916324237e+02
2.304045025377609477e+02
2.348182470158913020e+02
2.392276041404489035e+02
2.436359670593575402e+02
2.480408661050380488e+02
2.524580761491287717e+02
2.568694799926828409e+02
2.612858707856888714e+02
2.656975084784658065e+02
2.701143625105691513e+02
2.745291443863543464e+02
2.789444520575764273e+02
2.833600838860962767e+02
2.877770946809888528e+02
2.921955383859436779e+02
2.966104491481715399e+02
3.010270969880633061e+02
3.054413284852059292e+02
3.098543727634425409e+02
3.142730791401820056e+02
3.186878721868770867e+02
3.231010265416298921e+02
3.275160056545213934e+02
3.319318200108948531e+02
3.363507400980820421e+02
3.407621022709563476e+02
3.451753512467549854e+02
3.495969498251681102e+02
