0.000000000000000000e+00
3.194122989083409525e+00
7.122386232941773088e+00
1.117283944082520009e+01
1.527224944965910858e+01
1.914889257630978037e+01
2.318810696904161262e+01
2.714716490549292516e+01
3.118995816220472150e+01
3.522146355156574771e+01
3.924093811452287639e+01
4.334639309684538233e+01
4.741736633476466523e+01
5.145150122186989705e+01
5.554166033056088736e+01
5.961936733072779049e+01
6.368027645983224971e+01
6.777351924008706874e+01
7.185110885798904690e+01
7.593141516352189058e+01
8.000681674367295670e+01
8.411110106643317863e+01
8.820965006433966948e+01
9.231171508393366310e+01
9.641726808143428684e+01
1.005233358235769430e+02
1.046278153452628885e+02
1.087362000072224646e+02
1.128443349068464556e+02
1.169541904049119125e+02
1.210609158645275159e+02
1.251716960108722105e+02
1.292789557636245945e+02
1.333822294841088762e+02
1.374942669939932500e+02
1.415934035818591497e+02
1.456969969432472567e+02
1.498085055249735262e+02
1.539146298127040495e+02
1.580235019784471433e+02
1.621314328990064553e+02
1.662389257994971388e+02
1.703516377694535890e+02
1.744619734921585916e+02
1.785684078459948410e+02
1.826773022866491374e+02
1.867860055977504032e+02
1.908943772583054681e+02
1.950083634405463044e+02
