0.000000000000000000e+00
2.975163096012988895e+00
6.747832252932418839e+00
1.063564160074875886e+01
1.448700687081679206e+01
1.832449904885735492e+01
2.225217467291487949e+01
2.609130049610961066e+01
2.998427679101568799e+01
3.390785112342512519e+01
3.781563259258834364e+01
4.171524450702394660e+01
4.562570250094555036e+01
4.954774190545628443e+01
5.346754819792031554e+01
5.739035666192778962e+01
6.131394490746510684e+01
6.521103719094892881e+01
6.913361760716854576e+01
7.305536811970013389e+01
7.697331305929738221e+01
8.089408247623967441e+01
8.481513481016391154e+01
8.873377107640294525e+01
9.264788811646758404e+01
9.656945015352863493e+01
1.004904969242967354e+02
1.044119777007166903e+02
1.083311653413616824e+02
1.122511870035932446e+02
1.161711118259973432e+02
1.200897824445666799e+02
1.240125780482691198e+02
