0.000000000000000000e+00
3.459996074130911481e+00
7.123111083523013143e+00
1.123643578777366869e+01
1.542669506615769492e+01
1.970306046648052956e+01
2.389704388762349296e+01
2.804089372870419439e+01
3.193211934941223618e+01
3.606765586076857488e+01
4.023274986627072991e+01
4.439255124732097357e+01
4.858749808360410327e+01
5.282156518789027189e+01
5.705817543918610824e+01
6.122991750325117977e+01
6.542862889857558173e+01
6.965811985501835579e+01
7.388255918185940629e+01
7.812975645977606121e+01
8.233418622744784443e+01
8.656272262372567639e+01
9.078553918121906463e+01
9.502927641181373986e+01
9.924292779330768610e+01
1.034407490451213079e+02
1.076490601768181392e+02
1.118830729059822744e+02
1.161170936110644618e+02
1.203429329928566602e+02
1.245658751694673327e+02
1.287697024268121879e+02
1.329869227913563634e+02
1.372232223733738010e+02
1.414656763219203697e+02
1.457008994561045938e+02
1.499271464718163713e+02
1.541614354836213749e+02
1.584006979435775406e+02
1.626386014848070545e+02
1.668810746108724459e+02
1.711011132572343172e+02
1.753005616007301342e+02
1.795361241667206684e+02
1.837686913152652437e+02
1.879996075324034166e+02
1.922324541008435119e+02
1.964647182121713627e+02
2.006948940720543249e+02
2.049371243543624530e+02
2.091793505307741441e+02
2.134211623970463734e+02
2.176608532373941500e+02
2.218983695173498347e+02
2.261393434502688251e+02
2.303776715610110273e+02
2.346225530570350202e+02
2.388607329628767673e+02
2.430937287724436544e+02
2.473196819743874073e+02
2.515501913604681476e+02
2.557779258054434877e+02
2.600192895648796707e+02
2.642504030931257262e+02
2.684987134100148296e+02
