0.000000000000000000e+00
3.110357598338640006e+00
6.623684486693198536e+00
1.097068826016126941e+01
1.459674407000214025e+01
1.861592381181545264e+01
2.288796194309319532e+01
2.709588036443975056e+01
3.128175001826049240e+01
3.538140888565614262e+01
3.966907852968598291e+01
4.397520091758914162e+01
4.823441648509644608e+01
5.255924864506569349e+01
5.685936659222701195e+01
6.115979783187680141e+01
6.538440836749208529e+01
6.966949762687278280e+01
7.394129853363823202e+01
7.820048460984767758e+01
8.252163911155615494e+01
8.684902786569492150e+01
9.116550564095471998e+01
9.547882168543989678e+01
9.979494718967804090e+01
1.041216397928963175e+02
1.084440832273930369e+02
1.127652104149728416e+02
1.170863556863590418e+02
1.214029793795956493e+02
1.257269282579781304e+02
1.300564201767572285e+02
1.343754763154829277e+02
1.387032040965516444e+02
1.430380293944119501e+02
1.473685540386903199e+02
1.516954215987790917e+02
1.560299905705950323e+02
1.603630381645920124e+02
1.646885193303009771e+02
1.689804955145949634e+02
1.733126398260942267e+02
1.776405457908629444e+02
1.819704023941733340e+02
1.862969449337949754e+02
1.906279873668117943e+02
1.949501388011435381e+02
1.992585028511431346e+02
2.035936164138742299e+02
2.079232611751983200e+02
2.122551584208903250e+02
2.165882752337859358e+02
2.209183832980644695e+02
2.252470706952026092e+02
2.295813515727271863e+02
2.339123259863094688e+02
2.382461105954215270e+02
2.425749193123326393e+02
2.469037654687300289e+02
2.512332007015071724e+02
2.555667472560536169e+02
2.599022583393107197e+02
2.642359834421464484e+02
2.685642889138649707e+02
2.728947254874253758e+02
2.772278386020437893e+02
2.815619552541912753e+02
2.858892490570780183e+02
2.902219285719901336e+02
2.945545234191079658e+02
2.988900168879476382e+02
3.032267713567866281e+02
3.075615376992309962e+02
3.118978423400102429e+02
3.162321746884085201e+02
3.205656485623703702e+02
3.249009617650498853e+02
3.292378327315436195e+02
3.335736496884986195e+02
3.379068948393884284e+02
3.422410886452776140e+02
3.465740748204080433e+02
3.509060070937235878e+02
3.552422381831610778e+02
3.595751362069945003e+02
3.639099550549125297e+02
3.682435330762091894e+02
3.725769108282711386e+02
3.769093570847936121e+02
3.812435545200942784e+02
3.855756023385381468e+02
3.899083214581629022e+02
3.942410310015557116e+02
3.985758705575153726e+02
4.029073313837195087e+02
4.072409060325431369e+02
4.114357841551244519e+02
