0.000000000000000000e+00
3.093429865211087204e+00
6.679519484440977983e+00
1.067406548797575461e+01
1.455197005175369007e+01
1.855208232531090573e+01
2.255368019301768001e+01
2.660399675416019249e+01
3.060792860987804076e+01
3.452465447377983310e+01
3.857561350064034400e+01
4.258764014104078655e+01
4.662160725569399489e+01
5.066237923813982746e+01
5.466622805806122187e+01
5.870480499768278548e+01
6.266191647536695086e+01
6.669043901326151058e+01
7.071284063488793947e+01
7.475136401401638864e+01
7.878729072174550652e+01
8.281288309136215275e+01
8.683590531331110185e+01
9.087943886167080620e+01
9.491404942078527540e+01
9.894781582197073533e+01
1.029747367562100777e+02
1.070261059917399820e+02
1.110666814214288536e+02
1.151017509692736809e+02
1.191531144516507084e+02
1.232008941084661160e+02
1.272519045325409763e+02
1.312981064632435846e+02
1.353483418688606434e+02
1.393987896316702120e+02
1.434440060287072072e+02
1.474914624851099347e+02
1.515274560793674254e+02
1.555745104286700382e+02
1.596245677453848657e+02
1.636750709889937809e+02
1.677223636272665885e+02
1.717702219383646423e+02
1.758172769881780084e+02
1.798605904659100929e+02
1.839122664513759275e+02
1.879643685777295730e+02
1.920169632757698253e+02
