0.000000000000000000e+00
3.589390374108825998e+00
7.753321928163898313e+00
1.191784494861127541e+01
1.562102606677999717e+01
2.000154868463502922e+01
2.408817368390171865e+01
2.826756242635918426e+01
3.257290594640760162e+01
3.696752520972272293e+01
4.133069273689979894e+01
4.558022680746747568e+01
4.967026765693097445e+01
5.398142578520403134e+01
5.835473790484257250e+01
6.265887316385037309e+01
6.689997993693810940e+01
7.118312579290257247e+01
7.545628579686733417e+01
7.982431870507338090e+01
8.419299610501450104e+01
8.851683402399639533e+01
9.285528413308168183e+01
9.718040675040857934e+01
1.015486293833075706e+02
1.059159861990876550e+02
1.102476638307783503e+02
1.145959528743065192e+02
1.189591519356980314e+02
1.233085587272685757e+02
1.276387037550295389e+02
1.320040001769719709e+02
1.363595113407870940e+02
1.407310177532272064e+02
1.450886209818869759e+02
1.494513432522132348e+02
1.538133470316882949e+02
1.581833550230938670e+02
1.625554795453081454e+02
1.668934170664867622e+02
1.712538883439355857e+02
1.756223796563254496e+02
1.799918288794316936e+02
1.843541945466222671e+02
1.887159226974534363e+02
1.930759429526393092e+02
1.974408952152234349e+02
2.018125765267761551e+02
2.061802613431331110e+02
2.105500129496440422e+02
2.149183101441061581e+02
2.192886615021697310e+02
2.236571203973490185e+02
2.280225049766517031e+02
2.323926732488496611e+02
2.367557380273020442e+02
2.411237042270946631e+02
2.454934293235657776e+02
2.498654831979551716e+02
2.542349122862451622e+02
2.586065347054172889e+02
2.629753738678799095e+02
2.673444285145536128e+02
2.717135101850575438e+02
2.760854368139968074e+02
2.804555892022193007e+02
2.848255139836437593e+02
2.891951444260816402e+02
2.935643258359087326e+02
2.979330067419368788e+02
3.023052247021419134e+02
3.066750463400740614e+02
3.110462355112454134e+02
3.154155461562285154e+02
3.197850877262030167e+02
3.241541483591053066e+02
3.285225924968961522e+02
3.328883913681731883e+02
3.372554891474412102e+02
3.416231274967396416e+02
3.459982602945374310e+02
