0.000000000000000000e+00
2.748457990914638494e+00
6.617313213035559194e+00
1.054233489240886179e+01
1.435714810687029441e+01
1.818386490292771640e+01
2.209666157178917345e+01
2.606868374353203066e+01
3.006719455789842499e+01
3.404587368575159445e+01
3.806559774542397889e+01
4.207447117497914491e+01
4.605609307000188579e+01
5.007431620962471897e+01
5.410255125509588936e+01
5.810780632935741608e+01
6.211900691693364251e+01
6.610189639498047143e+01
7.012058249653492226e+01
7.413692178507680808e+01
7.813806624648530885e+01
8.215898261395444990e+01
8.615700087167799381e+01
9.016105082210700061e+01
9.418626629082403667e+01
9.820196663802009596e+01
1.022315513349806366e+02
1.062564494112986608e+02
1.102833588899906374e+02
1.143016190489991857e+02
1.183156367837152914e+02
1.223402464706562256e+02
1.263673894363342640e+02
1.303814127539878029e+02
1.344087024259321197e+02
1.384390784985107814e+02
1.424538845858691616e+02
1.464825114402116810e+02
1.505099366359291082e+02
1.545341660983587246e+02
1.585593706198246480e+02
1.625807983827388057e+02
1.666071485334771580e+02
1.706341232809071471e+02
1.746628484593252040e+02
1.786888288883109510e+02
1.827136244832771013e+02
1.867353081095282903e+02
1.907691085502037538e+02
