0.000000000000000000e+00
3.342862793737939153e+00
7.557676317144916389e+00
1.093374334773192658e+01
1.492014630659685714e+01
1.914487584642516538e+01
2.336514250746068910e+01
2.760048600723106205e+01
3.187237195804744871e+01
3.612901851164595257e+01
4.030017428516251954e+01
4.456169655711477162e+01
4.875506383980014391e+01
5.298862536880768914e+01
5.720983964061449711e+01
6.145853799718530297e+01
6.564381394685746329e+01
6.986106943983674000e+01
7.411549352800429347e+01
7.837962132102022395e+01
8.263551512946897049e+01
8.689044974448550818e+01
9.112928188334954882e+01
9.538449880707487694e+01
9.962216851909440152e+01
1.038787166728731535e+02
1.081242651932109311e+02
1.123729593905377868e+02
1.166236639625260807e+02
1.208792096246974381e+02
1.251402458197288041e+02
1.294042261321016838e+02
1.336506880317838295e+02
1.379100270956215013e+02
1.421723546984080144e+02
1.464241924924934324e+02
1.506813968448070113e+02
1.549396810896245427e+02
1.591997907291020908e+02
1.634553907004406597e+02
1.677121065404222122e+02
1.719684293699959028e+02
1.762208636813915632e+02
1.804720532817709682e+02
1.847315596028144284e+02
1.889832252784701154e+02
1.932415207534969852e+02
1.975026670547958929e+02
2.017410546193940775e+02
2.060027273791559139e+02
2.102562962912366800e+02
2.145123510227747090e+02
2.187638337494055918e+02
2.230188975712724471e+02
2.272745688603300778e+02
2.315302030344568891e+02
2.357834907788216015e+02
2.400319130791249620e+02
2.442858701726248682e+02
2.485370396481910404e+02
2.527955634385137671e+02
2.570546761461587835e+02
2.613027920623507612e+02
2.655561318438665239e+02
2.698213592299592278e+02
