0.000000000000000000e+00
2.576288619656349699e+00
6.363310305447694937e+00
1.043808201186914886e+01
1.461336167961496102e+01
1.879964058052978615e+01
2.292738448904332671e+01
2.712922426809038612e+01
3.122171237499016527e+01
3.538003525084751999e+01
3.946008298475844356e+01
4.357903901326984197e+01
4.774971912219304215e+01
5.187357660094146894e+01
5.604009369931834783e+01
6.024573912965166755e+01
6.439406116653000822e+01
6.857618762223626163e+01
7.276334432964254972e+01
7.688621679399159348e+01
8.105700563982902906e+01
8.524772119371114343e+01
8.943788613148444711e+01
9.363123749869529888e+01
9.781096967099848882e+01
1.020081564028342171e+02
1.061861485052174885e+02
1.103719156638405821e+02
1.145689618595686312e+02
1.187414741955047504e+02
1.229327280788027394e+02
1.271234435020780325e+02
1.312758971137056392e+02
1.354601176525080746e+02
1.396519937877108646e+02
1.438463060741482309e+02
1.480248520615445784e+02
1.522012541309009919e+02
1.563883435450432842e+02
1.605803577864896567e+02
1.647688865169104417e+02
1.689519561561712919e+02
1.731414145752584375e+02
1.773287423311286375e+02
1.815074556456114578e+02
1.856913339689657221e+02
1.898821983434453102e+02
1.940731506586182888e+02
1.982627241542929823e+02
2.024538469233633009e+02
2.066407370459283186e+02
2.108300379697944891e+02
2.150174297424325118e+02
2.192111643979514781e+02
2.234029683394939809e+02
2.275911261172701074e+02
2.317780765168828907e+02
2.359692101719421657e+02
2.401582950385100901e+02
2.443428057776026776e+02
2.485360455286283070e+02
2.527250301767606402e+02
2.569095664208189191e+02
2.610973541052773044e+02
2.652939787236751386e+02
