0.000000000000000000e+00 0.000000000000000000e+00 0.000000000000000000e+00 0.000000000000000000e+00 0.000000000000000000e+00 0.000000000000000000e+00 0.000000000000000000e+00 0.000000000000000000e+00 0.000000000000000000e+00 0.000000000000000000e+00 0.000000000000000000e+00 0.000000000000000000e+00 0.000000000000000000e+00 0.000000000000000000e+00 0.000000000000000000e+00 0.000000000000000000e+00
8.720457587784539175e-04 3.646321794216571960e-03 8.223753543431300272e-03 8.120454229104307614e-03 4.524678131831105787e-03 0.000000000000000000e+00 0.000000000000000000e+00 0.000000000000000000e+00 4.540379392794650741e-03 0.000000000000000000e+00 8.615478413693070667e-04 1.173572294330016419e-02 4.410952526954670105e-03 0.000000000000000000e+00 1.997784530393150251e-02 8.095637435379259700e-03
8.720457587784539175e-04 9.213024626188753841e-03 8.767288134181872028e-03 3.195512770059302787e-02 4.524678131831105787e-03 1.874389989923021249e-02 3.173077860439825482e-02 2.651106549312649829e-02 4.540379392794650741e-03 1.824912924032241063e-02 8.615478413693070667e-04 1.810938057578012628e-02 4.410952526954670105e-03 1.434134954187483990e-02 5.637009875932849634e-02 1.651103852493891050e-02
8.720457587784539175e-04 1.162974390728590546e-01 8.767288134181872028e-03 5.330392931094557474e-02 4.524678131831105787e-03 4.163174317707554750e-02 1.123140632402837014e-01 1.126156476446732446e-01 4.540379392794650741e-03 4.311886691143679284e-02 8.615478413693070667e-04 4.271743216007628519e-02 2.039529463540404319e-02 1.434134954187483990e-02 5.733231346213918389e-02 1.651103852493891050e-02
2.223100391401339193e-02 1.531902898923157008e-01 8.767288134181872028e-03 5.330392931094557474e-02 4.524678131831105787e-03 4.163174317707554750e-02 1.123140632402837014e-01 1.358032697671984479e-01 3.394408478235316079e-02 4.311886691143679284e-02 4.289300048989591607e-02 6.214639291395029908e-02 4.945396784118197969e-02 4.464117184131979194e-02 8.969193519114462831e-02 6.424746098315350928e-02
2.223100391401339193e-02 1.734228611485408855e-01 4.532325023351684024e-02 1.234380212784991215e-01 1.235019131887653276e-02 4.163174317707554750e-02 1.474458518629775394e-01 1.452179591070865694e-01 3.394408478235316079e-02 4.311886691143679284e-02 8.573576828486145773e-02 1.365940568178274361e-01 4.945396784118197969e-02 5.856907158543833702e-02 8.969193519114462831e-02 9.081569061627640937e-02
2.223100391401339193e-02 1.734228611485408855e-01 4.532325023351684024e-02 1.234380212784991215e-01 1.235019131887653276e-02 4.163174317707554750e-02 1.493825803995988688e-01 1.452179591070865694e-01 3.394408478235316079e-02 4.311886691143679284e-02 8.573576828486145773e-02 1.388375961617871746e-01 5.095429610924792629e-02 5.860231247072497651e-02 8.969193519114462831e-02 9.081569061627640937e-02
2.223100391401339193e-02 1.734228611485408855e-01 4.532325023351684024e-02 1.319674010899283267e-01 1.673185654365919039e-02 4.163174317707554750e-02 1.593724409384442708e-01 1.544121658884340942e-01 8.910307710280990223e-02 4.311886691143679284e-02 8.573576828486145773e-02 1.397746602163481566e-01 5.095429610924792629e-02 6.098600808222506831e-02 8.969193519114462831e-02 1.383451282851915209e-01
5.651292963909065881e-02 1.749619951144359975e-01 8.473536336727241491e-02 1.455253299534433609e-01 1.673185654365919039e-02 4.792050321177998562e-02 1.916816104486792072e-01 1.544121658884340942e-01 8.910307710280990223e-02 4.311886691143679284e-02 8.573576828486145773e-02 1.719609111334503559e-01 7.033796793451282947e-02 7.264842247067804237e-02 8.969193519114462831e-02 1.556126734127046274e-01
5.651292963909065881e-02 1.749619951144359975e-01 8.473536336727241491e-02 1.499253774646568949e-01 1.673185654365919039e-02 4.792050321177998562e-02 1.916816104486792072e-01 1.544121658884340942e-01 8.910307710280990223e-02 7.055042307849840322e-02 8.573576828486145773e-02 1.839620066646772412e-01 7.033796793451282947e-02 1.059551405690669912e-01 9.764078064973050197e-02 1.614203789677631229e-01
9.814206063857444651e-02 1.749619951144359975e-01 8.699674458776102126e-02 1.499253774646568949e-01 1.673185654365919039e-02 4.792050321177998562e-02 1.916816104486792072e-01 1.955354711808758306e-01 1.351173905464390923e-01 7.055042307849840322e-02 1.192348489242854720e-01 2.183465105521543714e-01 7.461849938890610656e-02 1.410323097356550592e-01 1.424818301534274412e-01 1.962430888930154771e-01
9.814206063857444651e-02 1.749619951144359975e-01 8.699674458776102126e-02 1.499253774646568949e-01 3.102832723893750311e-02 4.858692591784036230e-02 1.916816104486792072e-01 2.075311118569121982e-01 1.502929908333591746e-01 8.074743749331286802e-02 1.192348489242854720e-01 2.183465105521543714e-01 7.514959918279327800e-02 1.524312894749823011e-01 1.424818301534274412e-01 2.102821346378082046e-01
9.814206063857444651e-02 1.749619951144359975e-01 8.699674458776102126e-02 1.499253774646568949e-01 3.477377344401241799e-02 5.093780325810273735e-02 1.931130017887592865e-01 2.075311118569121982e-01 1.815738685547700071e-01 1.132308380220623661e-01 1.217574972620099061e-01 2.286394449795643991e-01 7.514959918279327800e-02 1.638296666909706267e-01 1.424818301534274412e-01 2.149578890895895711e-01
9.814206063857444651e-02 1.749619951144359975e-01 9.459117102061809224e-02 1.499253774646568949e-01 3.791995006206927421e-02 5.590290047041811955e-02 1.931130017887592865e-01 2.135950147808408639e-01 1.815738685547700071e-01 1.132308380220623661e-01 1.296970276182947135e-01 2.286394449795643991e-01 7.653139085322568924e-02 1.638296666909706267e-01 1.469176816340771463e-01 2.214198784182853652e-01
9.814206063857444651e-02 1.757990641514627361e-01 9.459117102061809224e-02 1.533903638872760600e-01 3.791995006206927421e-02 5.590290047041811955e-02 1.931130017887592865e-01 2.135950147808408639e-01 1.865342578647877780e-01 1.132308380220623661e-01 1.296970276182947135e-01 2.301100079953286581e-01 7.815833942416126889e-02 1.690803069779259205e-01 1.520524407046439652e-01 2.226080795280789837e-01
1.107281430135975825e-01 1.841089648794493883e-01 9.726548882352815950e-02 1.533903638872760600e-01 4.226800766522319230e-02 5.590290047041811955e-02 1.931130017887592865e-01 2.135950147808408639e-01 1.865342578647877780e-01 1.132308380220623661e-01 1.389334971326390000e-01 2.359875035519403697e-01 7.815833942416126889e-02 1.767592896853250606e-01 1.520524407046439652e-01 2.226080795280789837e-01
1.107281430135975825e-01 1.868901368037393373e-01 9.838436662281940803e-02 1.533903638872760600e-01 4.226800766522319230e-02 5.690013969744867062e-02 1.985547877030000574e-01 2.135950147808408639e-01 1.865342578647877780e-01 1.132308380220623661e-01 1.389334971326390000e-01 2.359875035519403697e-01 7.815833942416126889e-02 1.767592896853250606e-01 1.546587177776501676e-01 2.309139626554487235e-01
1.107281430135975825e-01 1.868901368037393373e-01 1.055930435605479945e-01 1.533903638872760600e-01 4.226800766522319230e-02 5.690013969744867062e-02 1.985547877030000574e-01 2.135950147808408639e-01 1.933169386999433470e-01 1.154380432076303892e-01 1.424690013942211952e-01 2.389172069302779311e-01 8.461374794561943302e-02 1.767592896853250606e-01 1.635236012123607308e-01 2.309139626554487235e-01
1.120227148705046916e-01 1.868901368037393373e-01 1.078259996728100911e-01 1.664676639472738584e-01 4.355966566804056472e-02 5.690013969744867062e-02 1.985547877030000574e-01 2.135950147808408639e-01 1.941779161276160071e-01 1.154380432076303892e-01 1.546026287947869782e-01 2.389172069302779311e-01 8.461374794561943302e-02 1.767592896853250606e-01 1.635236012123607308e-01 2.411819358026886240e-01
1.120227148705046916e-01 1.868901368037393373e-01 1.078259996728100911e-01 1.664676639472738584e-01 4.355966566804056472e-02 5.690013969744867062e-02 1.985547877030000574e-01 2.135950147808408639e-01 1.956859420077802225e-01 1.154380432076303892e-01 1.546026287947869782e-01 2.389172069302779311e-01 8.480164704363413186e-02 1.777879417013672469e-01 1.635236012123607308e-01 2.411819358026886240e-01
1.120227148705046916e-01 1.930504584903927623e-01 1.078259996728100911e-01 1.748686226472439542e-01 4.355966566804056472e-02 5.690013969744867062e-02 1.985547877030000574e-01 2.135950147808408639e-01 1.956859420077802225e-01 1.154380432076303892e-01 1.581135878516596038e-01 2.389172069302779311e-01 8.480164704363413186e-02 1.807083192095575441e-01 1.714089076283616397e-01 2.460812437333160241e-01
1.120227148705046916e-01 1.930504584903927623e-01 1.078259996728100911e-01 1.748686226472439542e-01 4.355966566804056472e-02 5.690013969744867062e-02 1.985547877030000574e-01 2.147312577926104860e-01 1.956859420077802225e-01 1.155346197138195363e-01 1.581135878516596038e-01 2.395174433931227531e-01 8.840111023098695675e-02 1.814135816391058142e-01 1.714089076283616397e-01 2.460812437333160241e-01
1.120227148705046916e-01 1.930504584903927623e-01 1.078259996728100911e-01 1.748686226472439542e-01 4.355966566804056472e-02 5.690013969744867062e-02 1.985547877030000574e-01 2.147312577926104860e-01 1.956859420077802225e-01 1.155346197138195363e-01 1.581135878516596038e-01 2.410266976686183671e-01 8.840111023098695675e-02 1.814320687456010828e-01 1.714089076283616397e-01 2.499850893912584360e-01
1.120227148705046916e-01 1.950661157068390439e-01 1.078259996728100911e-01 1.760642206520017794e-01 4.378676285154395331e-02 5.690013969744867062e-02 1.991561853796152415e-01 2.159366767406363519e-01 1.956859420077802225e-01 1.155346197138195363e-01 1.581135878516596038e-01 2.410266976686183671e-01 8.840111023098695675e-02 1.814320687456010828e-01 1.714089076283616397e-01 2.499850893912584360e-01
1.120227148705046916e-01 1.951278989413154363e-01 1.078259996728100911e-01 1.760642206520017794e-01 4.392159900183126298e-02 5.690013969744867062e-02 1.996431451794151712e-01 2.159366767406363519e-01 1.970390128550008058e-01 1.155346197138195363e-01 1.581135878516596038e-01 2.410266976686183671e-01 8.923520581180377498e-02 1.814320687456010828e-01 1.714089076283616397e-01 2.525706906055616985e-01
1.120227148705046916e-01 1.951278989413154363e-01 1.078259996728100911e-01 1.760642206520017794e-01 4.392159900183126298e-02 5.817930276410435142e-02 1.996431451794151712e-01 2.159366767406363519e-01 1.970693406712591411e-01 1.155346197138195363e-01 1.581135878516596038e-01 2.410266976686183671e-01 8.947327499364854386e-02 1.832227603366872737e-01 1.714089076283616397e-01 2.525706906055616985e-01
1.120227148705046916e-01 1.951278989413154363e-01 1.087295690506881185e-01 1.760642206520017794e-01 4.392159900183126298e-02 5.817930276410435142e-02 1.996431451794151712e-01 2.171543356798878444e-01 1.970693406712591411e-01 1.177773878252637019e-01 1.581135878516596038e-01 2.410266976686183671e-01 8.947327499364854386e-02 1.835382508355914710e-01 1.714089076283616397e-01 2.527216220233021726e-01
1.120227148705046916e-01 1.951278989413154363e-01 1.143526691604535017e-01 1.760642206520017794e-01 4.392159900183126298e-02 5.817930276410435142e-02 1.996431451794151712e-01 2.171543356798878444e-01 1.982213495030734907e-01 1.177773878252637019e-01 1.581135878516596038e-01 2.410266976686183671e-01 8.947327499364854386e-02 1.835382508355914710e-01 1.714089076283616397e-01 2.566024177120402872e-01
1.128262934151706004e-01 1.951278989413154363e-01 1.143526691604535017e-01 1.760642206520017794e-01 4.768074285539125601e-02 5.817930276410435142e-02 1.996431451794151712e-01 2.171543356798878444e-01 1.982213495030734907e-01 1.192314727642448252e-01 1.581135878516596038e-01 2.411546285760265418e-01 9.060570626500265290e-02 1.835382508355914710e-01 1.714089076283616397e-01 2.566024177120402872e-01
1.128262934151706004e-01 1.951278989413154363e-01 1.157556881809944649e-01 1.760642206520017794e-01 4.768074285539125601e-02 5.817930276410435142e-02 1.996431451794151712e-01 2.171543356798878444e-01 1.991572630926734533e-01 1.192314727642448252e-01 1.581135878516596038e-01 2.411546285760265418e-01 9.076108953802020096e-02 1.835382508355914710e-01 1.735452077454840980e-01 2.581865326297624330e-01
1.128262934151706004e-01 1.951278989413154363e-01 1.157556881809944649e-01 1.760642206520017794e-01 4.769989554286269140e-02 5.903521131013794027e-02 1.996431451794151712e-01 2.171543356798878444e-01 1.991572630926734533e-01 1.192314727642448252e-01 1.615562824102738659e-01 2.411546285760265418e-01 9.216325281981881112e-02 1.835382508355914710e-01 1.735452077454840980e-01 2.581865326297624330e-01
1.128262934151706004e-01 1.951278989413154363e-01 1.157556881809944649e-01 1.760642206520017794e-01 4.882395851566380396e-02 5.903521131013794027e-02 1.996431451794151712e-01 2.171543356798878444e-01 2.011971499931542451e-01 1.207115160292087097e-01 1.615562824102738659e-01 2.414461562447769438e-01 9.338508956727172017e-02 1.840308765433057991e-01 1.735452077454840980e-01 2.581865326297624330e-01
1.128262934151706004e-01 1.951278989413154363e-01 1.157556881809944649e-01 1.760642206520017794e-01 4.882395851566380396e-02 5.903521131013794027e-02 1.996431451794151712e-01 2.171543356798878444e-01 2.011971499931542451e-01 1.207115160292087097e-01 1.615562824102738659e-01 2.414461562447769438e-01 9.338508956727172017e-02 1.840308765433057991e-01 1.735452077454840980e-01 2.581865326297624330e-01
