0.000000000000000000e+00 0.000000000000000000e+00 0.000000000000000000e+00 0.000000000000000000e+00 0.000000000000000000e+00 0.000000000000000000e+00 0.000000000000000000e+00 0.000000000000000000e+00
9.023883740982618917e-03 0.000000000000000000e+00 1.095039161123967375e-02 0.000000000000000000e+00 1.368848824329838010e-02 1.220547493569679176e-02 0.000000000000000000e+00 1.151680831813006733e-02
1.997678658772492066e-02 5.832540672283670347e-04 1.095039161123967375e-02 0.000000000000000000e+00 1.368848824329838010e-02 1.220547493569679176e-02 1.062972048356563420e-02 1.151680831813006733e-02
5.864324673244425412e-02 1.819697233307473322e-02 2.566692654573164700e-02 0.000000000000000000e+00 6.522795872602413225e-02 1.220547493569679176e-02 3.100727267525617281e-02 3.023302345367236132e-02
6.251587973687317001e-02 2.466638863969412149e-02 2.772974910235562890e-02 0.000000000000000000e+00 6.522795872602413225e-02 2.297309995881106903e-02 3.100727267525617281e-02 4.067319751950293494e-02
6.626458742009566638e-02 2.466638863969412149e-02 3.090726039744973522e-02 0.000000000000000000e+00 6.522795872602413225e-02 2.839468862825356155e-02 3.924538791808451776e-02 4.067319751950293494e-02
6.626458742009566638e-02 2.466638863969412149e-02 3.090726039744973522e-02 6.775216628652991346e-03 6.522795872602413225e-02 2.940456192756446541e-02 4.063301651139369919e-02 4.067319751950293494e-02
6.693328941300696888e-02 2.466638863969412149e-02 5.949008344146777816e-02 3.457090465869994134e-02 6.522795872602413225e-02 2.940456192756446541e-02 7.526529468554743474e-02 4.067319751950293494e-02
6.693328941300696888e-02 2.466638863969412149e-02 5.949008344146777816e-02 3.457090465869994134e-02 7.313264072213335187e-02 3.661522972002018150e-02 8.099739465022751106e-02 4.067319751950293494e-02
6.693328941300696888e-02 2.466638863969412149e-02 6.559792103253414552e-02 3.457090465869994134e-02 7.313264072213335187e-02 3.661522972002018150e-02 8.343900401174811354e-02 4.228342414425510787e-02
6.693328941300696888e-02 2.466638863969412149e-02 6.559792103253414552e-02 3.457090465869994134e-02 7.313264072213335187e-02 4.183956671074540168e-02 8.581739936911603195e-02 4.381738662532479872e-02
6.835262058510119254e-02 2.466638863969412149e-02 6.559792103253414552e-02 3.457090465869994134e-02 7.313264072213335187e-02 4.269094669234085870e-02 9.390273500368628845e-02 4.381738662532479872e-02
6.835262058510119254e-02 2.466638863969412149e-02 6.559792103253414552e-02 3.457090465869994134e-02 7.459108562461184977e-02 4.931319592483814074e-02 9.606879916315262669e-02 4.381738662532479872e-02
6.835262058510119254e-02 2.466638863969412149e-02 6.559792103253414552e-02 3.457090465869994134e-02 7.570511062938578561e-02 5.573470123648795183e-02 9.606879916315262669e-02 4.518928881045525259e-02
6.835262058510119254e-02 2.466638863969412149e-02 6.559792103253414552e-02 3.457090465869994134e-02 7.570511062938578561e-02 6.206015276127485603e-02 9.720103011815695027e-02 4.658396281435273067e-02
6.835262058510119254e-02 2.466638863969412149e-02 6.559792103253414552e-02 3.702309546612835706e-02 7.570511062938578561e-02 6.337541265350429831e-02 1.032628002275686185e-01 4.658396281435273067e-02
6.965420499141572463e-02 3.015760418043007124e-02 6.690566742467041195e-02 3.702309546612835706e-02 7.570511062938578561e-02 6.337541265350429831e-02 1.032628002275686185e-01 4.658396281435273067e-02
