0.000000000000000000e+00 0.000000000000000000e+00 0.000000000000000000e+00 0.000000000000000000e+00 0.000000000000000000e+00 0.000000000000000000e+00 0.000000000000000000e+00 0.000000000000000000e+00 0.000000000000000000e+00 0.000000000000000000e+00 0.000000000000000000e+00 0.000000000000000000e+00 0.000000000000000000e+00 0.000000000000000000e+00 0.000000000000000000e+00 0.000000000000000000e+00 0.000000000000000000e+00 0.000000000000000000e+00 0.000000000000000000e+00 0.000000000000000000e+00 0.000000000000000000e+00 0.000000000000000000e+00 0.000000000000000000e+00 0.000000000000000000e+00
1.222262365121576377e-02 0.000000000000000000e+00 7.030273605731641139e-03 0.000000000000000000e+00 1.376540938050162602e-02 9.900034324681339370e-03 0.000000000000000000e+00 8.253743406850266168e-03 0.000000000000000000e+00 1.055500203293411460e-02 1.448128519704016889e-02 0.000000000000000000e+00 2.484678011096885797e-02 1.153886561656229312e-02 0.000000000000000000e+00 9.982506242139824182e-03 9.964390763916454452e-03 3.611340917950279367e-03 1.758513564833317361e-02 2.345745908034047034e-02 1.677572812262754370e-02 8.860986880410880867e-03 1.174909516153248637e-02 6.705728299900854360e-03
1.246126933102853496e-02 0.000000000000000000e+00 7.030273605731641139e-03 2.106967705706447036e-01 1.375804852974145120e-01 4.214460012276191048e-01 3.831061473519143945e-01 2.282104548916380482e-01 1.782222819143068904e-01 1.055500203293411460e-02 1.448128519704016889e-02 5.226045770430290394e-02 1.992264213895344471e-01 2.180505753279024517e-01 1.526843301170680012e-01 9.982506242139824182e-03 9.964390763916454452e-03 2.904252276487789830e-02 1.758513564833317361e-02 2.499955071721389199e-01 1.677572812262754370e-02 1.373963052749543889e-01 4.841849350119434292e-02 6.705728299900854360e-03
2.446274278849860928e-02 0.000000000000000000e+00 2.996647379819081247e-02 2.552785507673907550e-01 2.190325579321127925e-01 4.651841433377679191e-01 4.687182966608018364e-01 2.282104548916380482e-01 2.178768144643704885e-01 1.055500203293411460e-02 1.448128519704016889e-02 7.952174584459473228e-02 2.100789478725595683e-01 2.180505753279024517e-01 1.526843301170680012e-01 9.982506242139824182e-03 9.964390763916454452e-03 5.246668619470909456e-02 5.618119175821512101e-02 2.499955071721389199e-01 1.677572812262754370e-02 1.731899697583625941e-01 6.231358553201488126e-02 6.098571282629830503e-02
3.271841835203523341e-02 1.054161609697957802e-01 2.996647379819081247e-02 2.552785507673907550e-01 2.190325579321127925e-01 4.651841433377679191e-01 4.716902637460381187e-01 3.019338059835110499e-01 2.178768144643704885e-01 1.518216239346276489e-02 7.060133985809347035e-02 1.377098828000478392e-01 2.481392758863152914e-01 2.180505753279024517e-01 1.526843301170680012e-01 3.198487127595953106e-02 2.980648716034650647e-02 9.677111019115214319e-02 1.697453502661116220e-01 2.518195426741044463e-01 5.855704774805711721e-02 1.859717858922575739e-01 2.169613203798780310e-01 2.247354977217440319e-01
3.271841835203523341e-02 1.203905729272823910e-01 2.996647379819081247e-02 2.922133167374639795e-01 2.200874519975706822e-01 4.651841433377679191e-01 4.716902637460381187e-01 3.381505325306415344e-01 2.679368067825220745e-01 1.518216239346276489e-02 1.195594396813281779e-01 1.377098828000478392e-01 2.481392758863152914e-01 2.237450261679652663e-01 1.661223239153443165e-01 3.198487127595953106e-02 3.177469403350557942e-02 9.677111019115214319e-02 1.978514473725294098e-01 2.518195426741044463e-01 1.035451446839287248e-01 1.936790816832822948e-01 2.377673319722788392e-01 2.586057267447784969e-01
3.271841835203523341e-02 1.203905729272823910e-01 2.996647379819081247e-02 3.014090367486665367e-01 2.200874519975706822e-01 5.016303600971824261e-01 4.756272354698788396e-01 3.381505325306415344e-01 2.679368067825220745e-01 1.518216239346276489e-02 1.291010252771931655e-01 1.377098828000478392e-01 2.481392758863152914e-01 2.422450221059931630e-01 1.661223239153443165e-01 3.264984880955690283e-02 8.184479950842257767e-02 1.168085281847064394e-01 1.978514473725294098e-01 2.519131883183804987e-01 1.076843022997751032e-01 2.087788655725928977e-01 2.772727570814864650e-01 3.089955808061845000e-01
3.520620700077725651e-02 1.267700364006599800e-01 2.996647379819081247e-02 3.014090367486665367e-01 2.276749140076740896e-01 5.016303600971824261e-01 4.756272354698788396e-01 3.381505325306415344e-01 2.679368067825220745e-01 1.518216239346276489e-02 1.291010252771931655e-01 1.523868238216288251e-01 2.492576961416508308e-01 2.422450221059931630e-01 1.709344816792999211e-01 3.835867655035063439e-02 8.184479950842257767e-02 1.349578170250256282e-01 2.144152373076619877e-01 2.519131883183804987e-01 1.076843022997751032e-01 2.401618663938734910e-01 2.830111443052291120e-01 3.089955808061845000e-01
3.520620700077725651e-02 1.273955148954022953e-01 5.782355090563462419e-02 3.014090367486665367e-01 2.355754079790791655e-01 5.016303600971824261e-01 4.911683669624499204e-01 3.381505325306415344e-01 2.902244757450805901e-01 5.074895809447238504e-02 1.291010252771931655e-01 1.634804897876101504e-01 2.680570915821425260e-01 2.422450221059931630e-01 1.964277886027039899e-01 4.432895181994362527e-02 8.184479950842257767e-02 1.444154690760028892e-01 2.280085975434782419e-01 2.561484367869881207e-01 1.209932982265525536e-01 2.503347476681675454e-01 2.830111443052291120e-01 3.089955808061845000e-01
8.924442113269864807e-02 1.273955148954022953e-01 9.637465767390079874e-02 3.014090367486665367e-01 2.417685246467606297e-01 5.578353831791839079e-01 4.911683669624499204e-01 3.634242791725057486e-01 3.228296386682673602e-01 6.315434385326768041e-02 1.291010252771931655e-01 2.644003468137583468e-01 2.760318405964907740e-01 2.422450221059931630e-01 2.422110631466304342e-01 4.432895181994362527e-02 1.068965909577676010e-01 1.444154690760028892e-01 2.280085975434782419e-01 2.747278117905959105e-01 1.209932982265525536e-01 2.692972601074442029e-01 2.830111443052291120e-01 3.364810701559898254e-01
8.924442113269864807e-02 1.313600033786599397e-01 1.023333822974299423e-01 3.035581957481383597e-01 2.417685246467606297e-01 5.668752302984498836e-01 5.018737392130898645e-01 3.666378863527610665e-01 3.228296386682673602e-01 6.315434385326768041e-02 1.291010252771931655e-01 2.657887340485485250e-01 2.760318405964907740e-01 2.422450221059931630e-01 2.462324783979041032e-01 4.432895181994362527e-02 1.076282930868269205e-01 1.444154690760028892e-01 2.307633570362886966e-01 2.814085777194357263e-01 1.303058247505184397e-01 2.692972601074442029e-01 2.925609339784074336e-01 3.364810701559898254e-01
9.458514599464051820e-02 1.344211070479163772e-01 1.181801725011134008e-01 3.090786101219551441e-01 2.532903782487327948e-01 5.668752302984498836e-01 5.018737392130898645e-01 3.681294611451669252e-01 3.228296386682673602e-01 6.870626148952778400e-02 1.352051567952213817e-01 2.853513940089271728e-01 2.991164690885407818e-01 2.422450221059931630e-01 2.462324783979041032e-01 5.323556105845322906e-02 1.076282930868269205e-01 1.444154690760028892e-01 2.485679422510726488e-01 2.892384002755363781e-01 1.357901862170323715e-01 2.701433775729204512e-01 3.099836888866631113e-01 3.364810701559898254e-01
9.945469497751169285e-02 1.510769893772033745e-01 1.181801725011134008e-01 3.162707809063003417e-01 2.532903782487327948e-01 5.717991405318795239e-01 5.037710412208648014e-01 3.681294611451669252e-01 3.228296386682673602e-01 6.870626148952778400e-02 1.352051567952213817e-01 3.042236739452504612e-01 2.991164690885407818e-01 2.422450221059931630e-01 2.462324783979041032e-01 5.969512881726830866e-02 1.076282930868269205e-01 1.530242732226132496e-01 2.485679422510726488e-01 2.892384002755363781e-01 1.453337311461264658e-01 2.758957848363292609e-01 3.184896155905733717e-01 3.364810701559898254e-01
9.945469497751169285e-02 1.510769893772033745e-01 1.200002444291596304e-01 3.263070262050452031e-01 2.532903782487327948e-01 5.775647057447796939e-01 5.140051084986655416e-01 3.696394531695097463e-01 3.249717346304248911e-01 7.174329475793465860e-02 1.352051567952213817e-01 3.159806559856873087e-01 2.991164690885407818e-01 2.511586304216480436e-01 2.462324783979041032e-01 5.969512881726830866e-02 1.076282930868269205e-01 1.530242732226132496e-01 2.485679422510726488e-01 2.974593127975203033e-01 1.453337311461264658e-01 2.846202182201040820e-01 3.184896155905733717e-01 3.379129844331642540e-01
9.945469497751169285e-02 1.550010238828462006e-01 1.200002444291596304e-01 3.272680052436984233e-01 2.666386857137182931e-01 5.775647057447796939e-01 5.170115308446822100e-01 3.696394531695097463e-01 3.405408218017192956e-01 7.174329475793465860e-02 1.511754453673318510e-01 3.159806559856873087e-01 3.100089720435434959e-01 2.511586304216480436e-01 2.518956563926914027e-01 5.969512881726830866e-02 1.124436101902625412e-01 1.530242732226132496e-01 2.633112237935079647e-01 2.974593127975203033e-01 1.615426108380025316e-01 3.010128734729451416e-01 3.211449384562781173e-01 3.528105957273106608e-01
9.945469497751169285e-02 1.550010238828462006e-01 1.214583820322276964e-01 3.272680052436984233e-01 2.698210475433329147e-01 5.817123102645567201e-01 5.170115308446822100e-01 3.826879588421865375e-01 3.405408218017192956e-01 7.174329475793465860e-02 1.549102651764764360e-01 3.159806559856873087e-01 3.123984346382560617e-01 2.620950997102645674e-01 2.518956563926914027e-01 5.969512881726830866e-02 1.124436101902625412e-01 1.624503074035568151e-01 2.695928764689106694e-01 2.974593127975203033e-01 1.615426108380025316e-01 3.010128734729451416e-01 3.230922628206576164e-01 3.588996875062435699e-01
9.945469497751169285e-02 1.550010238828462006e-01 1.378876811616329690e-01 3.282230224974327371e-01 2.884703036979019974e-01 6.102886868630097439e-01 5.321849803277473034e-01 4.051263401518579998e-01 3.433204472131983209e-01 7.174329475793465860e-02 1.549102651764764360e-01 3.159806559856873087e-01 3.348890278735431325e-01 2.620950997102645674e-01 2.713689784342995792e-01 8.492994112551111030e-02 1.373591403586296167e-01 1.638786779415427608e-01 2.695928764689106694e-01 2.974593127975203033e-01 1.859330327656144588e-01 3.010128734729451416e-01 3.361467327620787371e-01 3.588996875062435699e-01
9.945469497751169285e-02 1.609983128949888931e-01 1.492783010024805179e-01 3.323516155713528430e-01 2.884703036979019974e-01 6.102886868630097439e-01 5.337185830556142596e-01 4.134501834297837908e-01 3.438435374153934188e-01 7.249804570381171431e-02 1.549102651764764360e-01 3.159806559856873087e-01 3.386010152785876581e-01 2.758436760668704357e-01 2.713689784342995792e-01 8.701192488523541713e-02 1.373591403586296167e-01 1.725289361223074358e-01 2.695928764689106694e-01 2.974593127975203033e-01 1.863020603145744691e-01 3.010128734729451416e-01 3.361467327620787371e-01 3.643724651137512094e-01
1.000240973156550084e-01 1.609983128949888931e-01 1.596605101462223453e-01 3.341967632050225068e-01 2.884703036979019974e-01 6.124875618480584150e-01 5.337185830556142596e-01 4.216021296638159388e-01 3.520956790658330560e-01 7.249804570381171431e-02 1.549102651764764360e-01 3.159806559856873087e-01 3.386010152785876581e-01 2.821461881803008498e-01 2.824199101657463018e-01 8.701192488523541713e-02 1.407590412924413226e-01 1.725289361223074358e-01 2.695928764689106694e-01 3.040907177341631851e-01 1.967734893416745179e-01 3.019554885649799458e-01 3.384545332230886050e-01 3.643724651137512094e-01
1.009833259580069642e-01 1.680643078592077844e-01 1.596605101462223453e-01 3.341967632050225068e-01 2.884703036979019974e-01 6.159342827841862711e-01 5.337185830556142596e-01 4.216021296638159388e-01 3.520956790658330560e-01 8.087825429781120290e-02 1.594605218631945931e-01 3.195955964068772914e-01 3.386010152785876581e-01 2.821461881803008498e-01 2.838423096812536794e-01 8.701192488523541713e-02 1.407590412924413226e-01 1.725289361223074358e-01 2.704679591038733344e-01 3.109186218510768818e-01 2.020253883467262312e-01 3.019554885649799458e-01 3.384545332230886050e-01 3.643724651137512094e-01
1.037009929412480158e-01 1.680643078592077844e-01 1.596605101462223453e-01 3.341967632050225068e-01 2.884703036979019974e-01 6.212355279218156889e-01 5.405267172755329197e-01 4.216021296638159388e-01 3.534142647637261159e-01 8.087825429781120290e-02 1.653728322290693997e-01 3.232881906756486234e-01 3.386010152785876581e-01 2.821461881803008498e-01 2.885263761096738544e-01 8.701192488523541713e-02 1.407590412924413226e-01 1.725289361223074358e-01 2.767744503156503999e-01 3.109186218510768818e-01 2.049170721654048899e-01 3.019554885649799458e-01 3.384545332230886050e-01 3.685383630662281140e-01
1.116961102035735065e-01 1.680643078592077844e-01 1.596605101462223453e-01 3.341967632050225068e-01 2.884703036979019974e-01 6.282291701448645682e-01 5.405267172755329197e-01 4.216021296638159388e-01 3.534142647637261159e-01 8.241261018725126730e-02 1.738055220841007442e-01 3.284965161393638144e-01 3.471997065917911685e-01 2.834012743393091727e-01 2.885263761096738544e-01 8.701192488523541713e-02 1.484481909262300725e-01 1.772728328171986334e-01 2.772557033259052117e-01 3.132979366302660051e-01 2.086506518795546716e-01 3.019554885649799458e-01 3.384545332230886050e-01 3.685383630662281140e-01
1.202779282770943259e-01 1.680643078592077844e-01 1.596605101462223453e-01 3.410621457615709007e-01 2.900731779497860430e-01 6.282291701448645682e-01 5.424945717546371116e-01 4.316950152304753208e-01 3.547214054289796747e-01 8.241261018725126730e-02 1.738055220841007442e-01 3.284965161393638144e-01 3.557348580049489173e-01 2.836241099217723938e-01 2.983904724784313123e-01 8.701192488523541713e-02 1.499164180817736669e-01 1.772728328171986334e-01 2.800689275752260010e-01 3.153923937193489069e-01 2.086506518795546716e-01 3.019554885649799458e-01 3.429924489855626368e-01 3.685383630662281140e-01
1.216352185864169183e-01 1.686117620810592133e-01 1.606776934520631195e-01 3.444525055567178029e-01 2.940477628167718627e-01 6.282291701448645682e-01 5.427053964291610466e-01 4.316950152304753208e-01 3.573849265412052389e-01 8.241261018725126730e-02 1.777294444263262108e-01 3.284965161393638144e-01 3.557348580049489173e-01 2.842359155244842950e-01 3.018960379771630231e-01 8.701192488523541713e-02 1.499164180817736669e-01 1.772728328171986334e-01 2.800689275752260010e-01 3.198001998678579594e-01 2.086506518795546716e-01 3.019554885649799458e-01 3.429924489855626368e-01 3.685383630662281140e-01
1.216352185864169183e-01 1.686117620810592133e-01 1.607521146081545282e-01 3.494516625900676021e-01 3.013973586078789735e-01 6.335403449412463361e-01 5.427053964291610466e-01 4.331294182321218100e-01 3.573849265412052389e-01 8.369173721683614842e-02 1.801672111814386634e-01 3.284965161393638144e-01 3.580764821621750804e-01 2.842359155244842950e-01 3.018960379771630231e-01 8.844011437527241060e-02 1.499164180817736669e-01 1.772728328171986334e-01 2.866933728647290125e-01 3.225894534717193562e-01 2.086506518795546716e-01 3.019554885649799458e-01 3.429924489855626368e-01 3.698023920222240912e-01
1.216352185864169183e-01 1.686117620810592133e-01 1.607521146081545282e-01 3.534442462292483045e-01 3.041418772642288104e-01 6.335403449412463361e-01 5.438027499965037981e-01 4.332609381000942506e-01 3.573849265412052389e-01 8.369173721683614842e-02 1.801672111814386634e-01 3.360216825639792404e-01 3.580764821621750804e-01 2.842359155244842950e-01 3.018960379771630231e-01 9.140247869766397748e-02 1.511141561695070190e-01 1.772728328171986334e-01 2.866933728647290125e-01 3.225894534717193562e-01 2.171449965777703939e-01 3.045483164219335293e-01 3.429924489855626368e-01 3.763741422978398310e-01
1.273867242890057982e-01 1.686117620810592133e-01 1.665377486383476935e-01 3.534442462292483045e-01 3.041418772642288104e-01 6.398326310635527037e-01 5.438027499965037981e-01 4.380840890894493467e-01 3.573849265412052389e-01 8.369173721683614842e-02 1.801672111814386634e-01 3.366825515209173059e-01 3.655477616797500051e-01 2.875244584182137242e-01 3.073154587178064112e-01 9.140247869766397748e-02 1.511141561695070190e-01 1.772728328171986334e-01 2.866933728647290125e-01 3.225894534717193562e-01 2.171449965777703939e-01 3.045483164219335293e-01 3.499289587514393673e-01 3.763741422978398310e-01
1.274352525789952395e-01 1.700706328620129604e-01 1.665377486383476935e-01 3.543939784353795641e-01 3.057444569327298911e-01 6.398326310635527037e-01 5.438027499965037981e-01 4.380840890894493467e-01 3.573849265412052389e-01 8.369173721683614842e-02 1.806459027339712420e-01 3.380962920432283303e-01 3.655477616797500051e-01 2.875244584182137242e-01 3.073154587178064112e-01 9.140247869766397748e-02 1.511141561695070190e-01 1.772728328171986334e-01 2.866933728647290125e-01 3.225894534717193562e-01 2.171449965777703939e-01 3.045483164219335293e-01 3.499289587514393673e-01 3.763741422978398310e-01
1.301719428721663796e-01 1.707370159856350933e-01 1.728941742607458809e-01 3.543939784353795641e-01 3.057444569327298911e-01 6.398326310635527037e-01 5.438027499965037981e-01 4.380840890894493467e-01 3.573849265412052389e-01 8.369173721683614842e-02 1.806459027339712420e-01 3.380962920432283303e-01 3.656992178322756026e-01 2.917407060234591398e-01 3.114247096398838344e-01 9.140247869766397748e-02 1.511141561695070190e-01 1.772728328171986334e-01 2.866933728647290125e-01 3.258524940398283554e-01 2.180877001009892402e-01 3.045483164219335293e-01 3.500806354865864112e-01 3.763741422978398310e-01
1.303989109732835439e-01 1.723823541766501544e-01 1.734307054827025907e-01 3.592727648121678552e-01 3.062100523340978153e-01 6.488082931980472257e-01 5.473728293268393941e-01 4.380840890894493467e-01 3.573849265412052389e-01 8.369173721683614842e-02 1.806459027339712420e-01 3.380962920432283303e-01 3.656992178322756026e-01 2.931404488050198820e-01 3.114247096398838344e-01 9.140247869766397748e-02 1.511141561695070190e-01 1.772728328171986334e-01 2.866933728647290125e-01 3.260173788654993632e-01 2.180877001009892402e-01 3.106409507594227737e-01 3.500806354865864112e-01 3.763741422978398310e-01
1.303989109732835439e-01 1.726347148079955818e-01 1.735775032168833665e-01 3.592727648121678552e-01 3.062100523340978153e-01 6.489288608563740235e-01 5.473728293268393941e-01 4.390818967812422646e-01 3.573849265412052389e-01 8.369173721683614842e-02 1.806459027339712420e-01 3.380962920432283303e-01 3.656992178322756026e-01 2.940533934941296224e-01 3.114247096398838344e-01 9.201723548268292419e-02 1.513276800960550172e-01 1.784259214714546682e-01 2.866933728647290125e-01 3.260173788654993632e-01 2.180877001009892402e-01 3.106409507594227737e-01 3.500806354865864112e-01 3.763741422978398310e-01
1.303989109732835439e-01 1.726347148079955818e-01 1.735775032168833665e-01 3.596161788085795452e-01 3.069839759093649922e-01 6.500822991090002834e-01 5.482505071063958901e-01 4.390818967812422646e-01 3.573849265412052389e-01 8.605810267371671873e-02 1.806459027339712420e-01 3.380962920432283303e-01 3.656992178322756026e-01 2.948202979104556642e-01 3.114247096398838344e-01 9.201723548268292419e-02 1.513276800960550172e-01 1.784259214714546682e-01 2.866933728647290125e-01 3.260173788654993632e-01 2.180877001009892402e-01 3.106409507594227737e-01 3.524574859069754540e-01 3.763741422978398310e-01
1.303989109732835439e-01 1.726347148079955818e-01 1.761248373535391210e-01 3.596161788085795452e-01 3.069839759093649922e-01 6.500822991090002834e-01 5.482537766413818625e-01 4.390818967812422646e-01 3.573849265412052389e-01 8.605810267371671873e-02 1.806459027339712420e-01 3.380962920432283303e-01 3.657527128164612673e-01 2.948202979104556642e-01 3.128139894665338261e-01 9.201723548268292419e-02 1.517882686006356008e-01 1.784259214714546682e-01 2.866933728647290125e-01 3.262604737219683138e-01 2.180877001009892402e-01 3.106409507594227737e-01 3.524574859069754540e-01 3.763741422978398310e-01
1.303989109732835439e-01 1.726347148079955818e-01 1.778608695639588566e-01 3.596161788085795452e-01 3.069839759093649922e-01 6.500822991090002834e-01 5.483503142009156228e-01 4.390818967812422646e-01 3.573849265412052389e-01 8.778321288221491159e-02 1.806459027339712420e-01 3.388346630920481828e-01 3.657527128164612673e-01 2.948202979104556642e-01 3.128139894665338261e-01 9.201723548268292419e-02 1.517882686006356008e-01 1.807144226474348969e-01 2.866933728647290125e-01 3.282622645048551835e-01 2.180877001009892402e-01 3.106409507594227737e-01 3.549551534608952896e-01 3.763741422978398310e-01
1.323853237421580564e-01 1.726347148079955818e-01 1.778608695639588566e-01 3.596161788085795452e-01 3.073092811787887513e-01 6.500822991090002834e-01 5.483503142009156228e-01 4.392250062429712276e-01 3.573849265412052389e-01 8.815405282693555833e-02 1.806459027339712420e-01 3.388346630920481828e-01 3.657527128164612673e-01 2.948202979104556642e-01 3.128139894665338261e-01 9.201723548268292419e-02 1.517882686006356008e-01 1.807144226474348969e-01 2.869883663228725013e-01 3.304969676932892897e-01 2.180877001009892402e-01 3.106409507594227737e-01 3.549551534608952896e-01 3.763741422978398310e-01
1.323853237421580564e-01 1.726347148079955818e-01 1.785567389650890291e-01 3.602294896445030759e-01 3.086252812599875606e-01 6.512683447213423182e-01 5.483503142009156228e-01 4.392250062429712276e-01 3.578969971773811043e-01 8.815405282693555833e-02 1.806459027339712420e-01 3.388346630920481828e-01 3.661111328144045496e-01 2.948202979104556642e-01 3.128139894665338261e-01 9.201723548268292419e-02 1.517882686006356008e-01 1.807144226474348969e-01 2.869883663228725013e-01 3.305851596897179667e-01 2.180877001009892402e-01 3.106409507594227737e-01 3.549551534608952896e-01 3.763741422978398310e-01
1.323853237421580564e-01 1.726347148079955818e-01 1.811825845296866078e-01 3.602294896445030759e-01 3.094051929300962733e-01 6.512683447213423182e-01 5.498454291041287023e-01 4.401991893859805716e-01 3.585953542587675957e-01 8.957655916314788414e-02 1.806459027339712420e-01 3.388346630920481828e-01 3.661111328144045496e-01 2.970830016139142105e-01 3.128139894665338261e-01 9.201723548268292419e-02 1.527785204543108399e-01 1.807144226474348969e-01 2.869883663228725013e-01 3.305851596897179667e-01 2.180877001009892402e-01 3.106409507594227737e-01 3.549551534608952896e-01 3.763741422978398310e-01
1.336688324270878525e-01 1.747096071017786301e-01 1.811825845296866078e-01 3.602294896445030759e-01 3.094051929300962733e-01 6.512683447213423182e-01 5.498454291041287023e-01 4.401991893859805716e-01 3.585953542587675957e-01 8.957655916314788414e-02 1.806459027339712420e-01 3.388346630920481828e-01 3.661111328144045496e-01 2.970830016139142105e-01 3.128139894665338261e-01 9.421038630908995515e-02 1.532950109145523321e-01 1.807144226474348969e-01 2.869883663228725013e-01 3.305851596897179667e-01 2.184912016534193979e-01 3.106409507594227737e-01 3.549551534608952896e-01 3.777290880473043733e-01
1.336688324270878525e-01 1.773916829892825953e-01 1.834751479883905134e-01 3.602294896445030759e-01 3.094051929300962733e-01 6.512683447213423182e-01 5.524031427539963790e-01 4.401991893859805716e-01 3.626490991727711055e-01 8.957655916314788414e-02 1.806459027339712420e-01 3.442282772972242166e-01 3.661111328144045496e-01 2.978897257004113897e-01 3.128139894665338261e-01 9.421038630908995515e-02 1.564220517479206762e-01 1.807144226474348969e-01 2.869883663228725013e-01 3.305851596897179667e-01 2.188057769950016995e-01 3.106409507594227737e-01 3.549551534608952896e-01 3.777290880473043733e-01
1.336688324270878525e-01 1.773916829892825953e-01 1.834751479883905134e-01 3.602294896445030759e-01 3.094051929300962733e-01 6.551233352678836885e-01 5.524031427539963790e-01 4.416959644361569404e-01 3.626999259153704247e-01 9.022248430837231936e-02 1.806459027339712420e-01 3.445296910274018298e-01 3.661111328144045496e-01 2.978897257004113897e-01 3.128139894665338261e-01 9.421038630908995515e-02 1.564220517479206762e-01 1.807144226474348969e-01 2.876696111744659334e-01 3.305851596897179667e-01 2.202309687223255041e-01 3.106409507594227737e-01 3.549551534608952896e-01 3.777290880473043733e-01
1.336688324270878525e-01 1.784595491839542913e-01 1.834751479883905134e-01 3.602294896445030759e-01 3.094051929300962733e-01 6.551233352678836885e-01 5.524031427539963790e-01 4.416959644361569404e-01 3.631887666763225497e-01 9.022248430837231936e-02 1.806459027339712420e-01 3.445296910274018298e-01 3.661111328144045496e-01 2.978897257004113897e-01 3.128139894665338261e-01 9.421038630908995515e-02 1.564220517479206762e-01 1.807144226474348969e-01 2.876696111744659334e-01 3.305851596897179667e-01 2.204745001567074980e-01 3.110838535965724239e-01 3.549551534608952896e-01 3.789939836071188894e-01
1.343601441737348190e-01 1.784595491839542913e-01 1.834751479883905134e-01 3.602294896445030759e-01 3.094051929300962733e-01 6.551233352678836885e-01 5.524031427539963790e-01 4.416959644361569404e-01 3.631887666763225497e-01 9.022248430837231936e-02 1.806459027339712420e-01 3.445296910274018298e-01 3.665337414619221357e-01 2.978897257004113897e-01 3.128139894665338261e-01 9.421038630908995515e-02 1.564220517479206762e-01 1.807144226474348969e-01 2.876696111744659334e-01 3.305851596897179667e-01 2.206304183959837406e-01 3.110838535965724239e-01 3.549551534608952896e-01 3.811976166072714167e-01
1.343601441737348190e-01 1.796350831841143358e-01 1.834751479883905134e-01 3.602294896445030759e-01 3.101043833343285483e-01 6.551233352678836885e-01 5.524031427539963790e-01 4.417277627418523256e-01 3.631887666763225497e-01 9.022248430837231936e-02 1.806459027339712420e-01 3.445296910274018298e-01 3.665337414619221357e-01 2.978897257004113897e-01 3.128139894665338261e-01 9.421038630908995515e-02 1.564220517479206762e-01 1.807144226474348969e-01 2.876696111744659334e-01 3.305851596897179667e-01 2.217860586884754792e-01 3.110838535965724239e-01 3.565618536845410746e-01 3.831209956964865548e-01
1.343601441737348190e-01 1.796350831841143358e-01 1.834751479883905134e-01 3.606514802760401039e-01 3.101043833343285483e-01 6.551233352678836885e-01 5.524031427539963790e-01 4.425365957913603987e-01 3.637950620089646647e-01 9.022248430837231936e-02 1.817987099267385775e-01 3.445296910274018298e-01 3.683278217108710284e-01 2.978897257004113897e-01 3.128139894665338261e-01 9.596539186253916220e-02 1.564220517479206762e-01 1.807144226474348969e-01 2.876696111744659334e-01 3.305851596897179667e-01 2.217860586884754792e-01 3.110838535965724239e-01 3.565618536845410746e-01 3.831209956964865548e-01
1.343601441737348190e-01 1.796350831841143358e-01 1.834751479883905134e-01 3.606514802760401039e-01 3.127912685438310469e-01 6.551233352678836885e-01 5.524031427539963790e-01 4.430353409569406931e-01 3.637950620089646647e-01 9.022248430837231936e-02 1.817987099267385775e-01 3.455602437721803089e-01 3.683278217108710284e-01 2.978897257004113897e-01 3.128139894665338261e-01 9.596539186253916220e-02 1.572530706542753509e-01 1.807144226474348969e-01 2.876696111744659334e-01 3.305851596897179667e-01 2.222908054539153855e-01 3.110838535965724239e-01 3.565618536845410746e-01 3.849220901826653773e-01
1.355719301500206697e-01 1.796350831841143358e-01 1.834751479883905134e-01 3.606514802760401039e-01 3.138557628870078942e-01 6.571937952543414063e-01 5.524031427539963790e-01 4.430353409569406931e-01 3.637950620089646647e-01 9.124885141370009389e-02 1.817987099267385775e-01 3.455602437721803089e-01 3.683278217108710284e-01 2.978897257004113897e-01 3.128139894665338261e-01 9.596539186253916220e-02 1.572530706542753509e-01 1.807144226474348969e-01 2.876696111744659334e-01 3.319267154085314697e-01 2.222908054539153855e-01 3.110838535965724239e-01 3.592288670009073370e-01 3.867827153371633520e-01
1.356252448962230739e-01 1.796350831841143358e-01 1.834751479883905134e-01 3.606514802760401039e-01 3.138557628870078942e-01 6.571937952543414063e-01 5.524031427539963790e-01 4.430353409569406931e-01 3.637950620089646647e-01 9.124885141370009389e-02 1.817987099267385775e-01 3.455602437721803089e-01 3.683278217108710284e-01 2.978897257004113897e-01 3.128139894665338261e-01 9.679359202275106266e-02 1.572530706542753509e-01 1.807144226474348969e-01 2.876696111744659334e-01 3.319267154085314697e-01 2.225234750690295027e-01 3.115301739426978855e-01 3.592288670009073370e-01 3.869920111225601533e-01
1.356252448962230739e-01 1.796350831841143358e-01 1.834751479883905134e-01 3.606514802760401039e-01 3.138557628870078942e-01 6.571937952543414063e-01 5.524031427539963790e-01 4.430353409569406931e-01 3.637950620089646647e-01 9.124885141370009389e-02 1.817987099267385775e-01 3.455602437721803089e-01 3.683278217108710284e-01 2.978897257004113897e-01 3.128139894665338261e-01 9.732463176631561685e-02 1.572530706542753509e-01 1.807144226474348969e-01 2.876696111744659334e-01 3.319267154085314697e-01 2.228135701702882443e-01 3.115301739426978855e-01 3.592288670009073370e-01 3.869920111225601533e-01
1.356252448962230739e-01 1.796350831841143358e-01 1.834751479883905134e-01 3.606514802760401039e-01 3.138557628870078942e-01 6.571937952543414063e-01 5.524031427539963790e-01 4.430353409569406931e-01 3.637950620089646647e-01 9.124885141370009389e-02 1.817987099267385775e-01 3.455602437721803089e-01 3.683278217108710284e-01 2.978897257004113897e-01 3.128139894665338261e-01 9.732463176631561685e-02 1.572530706542753509e-01 1.807144226474348969e-01 2.876696111744659334e-01 3.319267154085314697e-01 2.228135701702882443e-01 3.115301739426978855e-01 3.592288670009073370e-01 3.869920111225601533e-01
