0.000000000000000000e+00 0.000000000000000000e+00 0.000000000000000000e+00 0.000000000000000000e+00 0.000000000000000000e+00 0.000000000000000000e+00 0.000000000000000000e+00 0.000000000000000000e+00
0.000000000000000000e+00 7.968004009777374108e-04 1.200279369006906904e-04 0.000000000000000000e+00 0.000000000000000000e+00 1.733892423647631631e-04 3.539109892516378864e-04 0.000000000000000000e+00
0.000000000000000000e+00 7.968004009777374108e-04 1.200279369006906904e-04 1.222789916317523762e-02 0.000000000000000000e+00 3.464335722165223785e-02 3.539109892516378864e-04 2.295366148750030422e-02
3.319292764323522604e-03 7.968004009777374108e-04 1.200279369006906904e-04 5.003077688452887972e-02 0.000000000000000000e+00 4.485108476908702957e-02 3.939215062339976314e-03 2.295366148750030422e-02
3.207464317859748393e-02 1.922976797467335075e-02 1.200279369006906904e-04 6.779041945334496333e-02 0.000000000000000000e+00 4.485108476908702957e-02 3.939215062339976314e-03 5.178944158949860821e-02
3.207464317859748393e-02 3.097005339835257054e-02 1.200279369006906904e-04 6.779041945334496333e-02 1.266941089268611847e-02 4.485108476908702957e-02 1.789664810364487157e-02 5.437715181493274486e-02
3.207464317859748393e-02 3.097005339835257054e-02 1.200279369006906904e-04 6.779041945334496333e-02 2.165480327601930488e-02 4.485108476908702957e-02 1.789664810364487157e-02 5.455709470103085879e-02
4.968405213874213522e-02 3.097005339835257054e-02 3.355525086519553501e-02 1.187489378719222555e-01 2.165480327601930488e-02 4.485108476908702957e-02 1.789664810364487157e-02 9.590320782384595399e-02
5.537247309797538319e-02 3.097005339835257054e-02 3.355525086519553501e-02 1.187489378719222555e-01 2.712420807369882864e-02 5.912483756003533708e-02 1.789664810364487157e-02 9.590320782384595399e-02
5.537247309797538319e-02 3.097005339835257054e-02 3.355525086519553501e-02 1.187489378719222555e-01 4.166290714749189272e-02 5.912483756003533708e-02 1.825810064877216726e-02 9.590320782384595399e-02
5.537247309797538319e-02 3.949710892151315350e-02 3.355525086519553501e-02 1.187489378719222555e-01 4.166290714749189272e-02 5.912483756003533708e-02 1.825810064877216726e-02 9.598099576046129067e-02
5.537247309797538319e-02 3.949710892151315350e-02 3.355525086519553501e-02 1.187489378719222555e-01 5.017517377063995809e-02 5.912483756003533708e-02 1.841706533653497679e-02 9.598099576046129067e-02
5.537247309797538319e-02 3.949710892151315350e-02 4.190306520412281910e-02 1.187489378719222555e-01 5.065323664847909413e-02 5.912483756003533708e-02 1.841706533653497679e-02 9.598099576046129067e-02
5.537247309797538319e-02 3.949710892151315350e-02 4.190306520412281910e-02 1.187489378719222555e-01 5.130617249016498210e-02 6.795688615295572554e-02 1.841706533653497679e-02 1.083221475281099799e-01
5.537247309797538319e-02 4.425309777277924850e-02 4.190306520412281910e-02 1.279078381516021712e-01 5.173563896107651744e-02 6.795688615295572554e-02 1.841706533653497679e-02 1.123683902027465820e-01
5.537247309797538319e-02 4.425309777277924850e-02 4.190306520412281910e-02 1.280856318470249278e-01 5.173563896107651744e-02 7.592070529569491799e-02 1.841706533653497679e-02 1.123683902027465820e-01
5.537247309797538319e-02 4.425309777277924850e-02 4.190306520412281910e-02 1.280856318470249278e-01 5.695497854189568443e-02 7.592070529569491799e-02 1.841706533653497679e-02 1.202775233135753297e-01
