0.000000000000000000e+00 0.000000000000000000e+00 0.000000000000000000e+00 0.000000000000000000e+00 0.000000000000000000e+00 0.000000000000000000e+00 0.000000000000000000e+00 0.000000000000000000e+00 0.000000000000000000e+00 0.000000000000000000e+00 0.000000000000000000e+00 0.000000000000000000e+00 0.000000000000000000e+00 0.000000000000000000e+00 0.000000000000000000e+00 0.000000000000000000e+00 0.000000000000000000e+00 0.000000000000000000e+00 0.000000000000000000e+00 0.000000000000000000e+00 0.000000000000000000e+00 0.000000000000000000e+00 0.000000000000000000e+00 0.000000000000000000e+00
8.790717986151695001e-03 0.000000000000000000e+00 2.861217807025510755e-03 1.645937544075902481e-03 0.000000000000000000e+00 0.000000000000000000e+00 1.318791742148883728e-03 1.179585223359946866e-02 3.042774065439335374e-02 3.629903219766186448e-03 5.674321340214838472e-03 2.122376888064873499e-02 0.000000000000000000e+00 3.253949078482458283e-03 5.170535205962927677e-03 1.336812800759407463e-02 0.000000000000000000e+00 1.463426767052133926e-03 6.760421668511801870e-04 1.590511626033109215e-03 1.065379608146772850e-02 1.073637402634476656e-03 2.483370983069298210e-04 1.153788131206190393e-02
8.790717986151695001e-03 0.000000000000000000e+00 2.861217807025510755e-03 1.896017123330689252e-02 0.000000000000000000e+00 5.022905963216747760e-02 1.106639836432483093e-01 1.044570476136908732e-01 8.432726448505004080e-02 8.116714949768585874e-02 1.166133612532702091e-01 1.094273631466139152e-01 7.051281617391413903e-02 1.581637323671666526e-02 9.497320647993795495e-02 3.147411110526932010e-02 1.113123391334215895e-01 5.621159769722816613e-02 6.760421668511801870e-04 9.527776938486640784e-03 6.926636766352547991e-02 4.727659704826336906e-02 7.505145064212069561e-02 1.135031812698396592e-01
5.849645912979600793e-02 0.000000000000000000e+00 2.284603347996835843e-02 1.896017123330689252e-02 1.927039406870412197e-02 6.426005053035116488e-02 1.106639836432483093e-01 1.498914258824883550e-01 8.432726448505004080e-02 9.683153716911924169e-02 1.166133612532702091e-01 2.169580055852174671e-01 1.056016200321461540e-01 5.094131866591844471e-02 1.282722340258757587e-01 3.335971842688323363e-02 1.385013395883851473e-01 7.847396706253487175e-02 6.271971769047016143e-02 1.100131867775183681e-01 9.690563136239141451e-02 7.024823079376085744e-02 7.505145064212069561e-02 1.730624768376582689e-01
5.849645912979600793e-02 0.000000000000000000e+00 4.794285797331271359e-02 1.896017123330689252e-02 2.263070309330780794e-02 8.294460452568963582e-02 1.106639836432483093e-01 2.169874201326673357e-01 9.549265887932845143e-02 9.683153716911924169e-02 1.297242438878960513e-01 2.189477508009366469e-01 1.470575534633713488e-01 5.634413554587808931e-02 1.535522944831555492e-01 4.226006857307046394e-02 1.385013395883851473e-01 7.847396706253487175e-02 9.737269251062355413e-02 1.752676203305583158e-01 1.005536435448317750e-01 7.024823079376085744e-02 1.125070786530117661e-01 2.039264790435852959e-01
8.459707259961719850e-02 4.663746567191290326e-04 4.794285797331271359e-02 1.896017123330689252e-02 1.156086192210598051e-01 2.067545091819327219e-01 1.620938812197080525e-01 3.419528047848111041e-01 1.971809281670620084e-01 1.709878642033501039e-01 1.575703261658077670e-01 2.263051709510003895e-01 1.594714275489448885e-01 5.634413554587808931e-02 2.581275938780684398e-01 1.258523414589814149e-01 1.763369265044908984e-01 1.339957790708549978e-01 9.737269251062355413e-02 2.487518069595316406e-01 1.005536435448317750e-01 1.273682116120071761e-01 2.240782954947185823e-01 2.039264790435852959e-01
1.456044832623326346e-01 4.663746567191290326e-04 7.108633242178477585e-02 1.896017123330689252e-02 1.398293284643013501e-01 2.364147795852910572e-01 1.654770041757980259e-01 3.419528047848111041e-01 1.971809281670620084e-01 1.709878642033501039e-01 2.076404741260490239e-01 2.370772372330433031e-01 1.741636997377601914e-01 7.879897395574902985e-02 3.402433885707707439e-01 1.499082778613730349e-01 1.826163272582525809e-01 1.465148057641453283e-01 9.737269251062355413e-02 2.487518069595316406e-01 1.752004785125489128e-01 1.384955768200457904e-01 2.240782954947185823e-01 2.053677775616302992e-01
1.659014733944421671e-01 4.720720497715968911e-02 1.224766525598032230e-01 1.896017123330689252e-02 1.398293284643013501e-01 2.408831569987013310e-01 1.654770041757980259e-01 3.843192967551795070e-01 2.626839712697089935e-01 1.709878642033501039e-01 2.704104790527350755e-01 2.752291654709084767e-01 2.298652294910299432e-01 9.484241165191686918e-02 3.402433885707707439e-01 2.235254756618967331e-01 1.909969451026221343e-01 1.470491499358426990e-01 1.306582589874313860e-01 3.419693390081081086e-01 1.776522229019561194e-01 1.721812810127494320e-01 2.265540276519246721e-01 2.053677775616302992e-01
2.034152057219043574e-01 4.720720497715968911e-02 1.618473587872847896e-01 1.914541890110826872e-02 1.617344571837096567e-01 2.635307277516540925e-01 1.654770041757980259e-01 3.858327550299858189e-01 2.626839712697089935e-01 1.709878642033501039e-01 2.828959823601517876e-01 3.116087302280767801e-01 2.298652294910299432e-01 9.484241165191686918e-02 3.402433885707707439e-01 2.242389598459350597e-01 1.909969451026221343e-01 1.470491499358426990e-01 1.460182654714898831e-01 3.527552399891774604e-01 1.776522229019561194e-01 1.902046420623912382e-01 2.986065149075458058e-01 2.426015383058696684e-01
2.216597175282560284e-01 8.285001516455431370e-02 1.618473587872847896e-01 8.559538256285642577e-02 1.617344571837096567e-01 2.758912803278458226e-01 1.710725744602442644e-01 3.858327550299858189e-01 2.626839712697089935e-01 2.402413428981473587e-01 2.828959823601517876e-01 3.116087302280767801e-01 2.298652294910299432e-01 1.144684816275615136e-01 3.402433885707707439e-01 2.312787076728123059e-01 2.186667081983084404e-01 1.722435986183741552e-01 1.497331852408136654e-01 3.561076889608225660e-01 1.776522229019561194e-01 1.902046420623912382e-01 3.310163023867417342e-01 2.426015383058696684e-01
2.261602599380224399e-01 1.055229393877969990e-01 1.631650198350614867e-01 1.156614911748199137e-01 1.656613712665032934e-01 2.908422905388149959e-01 1.968832333232997944e-01 3.891302141817993276e-01 2.748493069012148404e-01 2.402413428981473587e-01 3.254475236673352589e-01 3.116087302280767801e-01 2.363628079830379092e-01 1.211986170959002129e-01 4.042802236758115120e-01 2.644773871567495660e-01 2.193805985037380057e-01 1.722435986183741552e-01 1.622480610957912628e-01 3.618033111109255628e-01 1.776522229019561194e-01 1.902046420623912382e-01 3.310163023867417342e-01 2.795167704097926697e-01
2.261602599380224399e-01 1.055229393877969990e-01 1.631650198350614867e-01 1.156614911748199137e-01 1.823010527379183288e-01 2.908422905388149959e-01 2.059760497814198121e-01 3.891302141817993276e-01 2.748493069012148404e-01 2.472475243636248488e-01 3.254475236673352589e-01 3.116087302280767801e-01 2.438885002321740103e-01 1.211986170959002129e-01 4.072921759676723097e-01 2.662444015510868622e-01 2.259810496768677179e-01 1.779090729358457912e-01 1.707376192034644191e-01 3.618033111109255628e-01 1.856441275953955028e-01 1.902046420623912382e-01 3.357379208469882803e-01 2.795167704097926697e-01
2.386404527457273161e-01 1.100019264235741479e-01 1.631650198350614867e-01 1.168680879164376019e-01 1.823010527379183288e-01 3.096038750000514872e-01 2.073364965079765865e-01 4.000578146468789509e-01 2.748493069012148404e-01 2.530627350199676773e-01 3.254475236673352589e-01 3.116087302280767801e-01 2.659556408930157101e-01 1.517232072396303699e-01 4.345546505594398701e-01 2.662444015510868622e-01 2.259810496768677179e-01 1.779090729358457912e-01 1.761691000467196511e-01 3.618033111109255628e-01 1.856441275953955028e-01 2.049419840590011033e-01 3.447364198507599786e-01 2.795167704097926697e-01
2.421022529814202962e-01 1.107856882547729738e-01 1.761768946750663645e-01 1.306853023497420996e-01 1.823010527379183288e-01 3.305969865159735788e-01 2.073364965079765865e-01 4.000578146468789509e-01 2.811655402181413299e-01 2.530627350199676773e-01 3.254475236673352589e-01 3.116087302280767801e-01 2.989253053124759640e-01 1.517232072396303699e-01 4.515645859925085936e-01 2.956468600649692635e-01 2.319463446347188595e-01 2.053196914565340592e-01 1.761691000467196511e-01 3.620662755245270814e-01 1.856441275953955028e-01 2.081663320423171593e-01 3.807034889890240081e-01 2.818079862506266409e-01
2.421022529814202962e-01 1.107856882547729738e-01 1.793280744109317371e-01 1.306853023497420996e-01 1.909562779203170246e-01 3.305969865159735788e-01 2.073364965079765865e-01 4.024443490575553284e-01 2.811655402181413299e-01 2.530627350199676773e-01 3.277333417558389583e-01 3.250258768153930222e-01 3.056160881281748676e-01 1.517232072396303699e-01 4.519023474118597505e-01 2.956468600649692635e-01 2.432438023535681282e-01 2.174371454548791605e-01 1.770480292920914023e-01 3.748786558344537889e-01 1.856441275953955028e-01 2.175803289348104685e-01 3.807034889890240081e-01 2.832002638463176347e-01
2.426835556754154410e-01 1.194479865692815723e-01 1.803915887586643729e-01 1.306853023497420996e-01 2.052701384311869104e-01 3.305969865159735788e-01 2.131795754896606276e-01 4.024443490575553284e-01 2.811655402181413299e-01 2.530627350199676773e-01 3.277333417558389583e-01 3.316981416013148332e-01 3.056160881281748676e-01 1.737880680990973592e-01 4.729802081798371027e-01 2.956468600649692635e-01 2.457577601075085216e-01 2.297210847340389606e-01 1.822834657514889045e-01 3.796109535122738632e-01 1.856441275953955028e-01 2.175803289348104685e-01 3.807034889890240081e-01 2.874703656055822010e-01
2.508199103309369793e-01 1.350730203909968896e-01 1.803915887586643729e-01 1.324808942513215348e-01 2.100874956927945014e-01 3.331887482384542909e-01 2.193364680047418247e-01 4.024443490575553284e-01 2.885904164301029695e-01 2.530627350199676773e-01 3.277333417558389583e-01 3.316981416013148332e-01 3.195388725444019418e-01 1.795052044821305870e-01 4.729802081798371027e-01 3.068619970787130335e-01 2.598352504658856255e-01 2.500365134668800504e-01 1.929498247724408810e-01 3.796109535122738632e-01 1.856441275953955028e-01 2.175803289348104685e-01 3.903285491718527789e-01 2.953072799974325591e-01
2.508199103309369793e-01 1.397422602989256690e-01 1.829113834091486979e-01 1.324808942513215348e-01 2.204963245770733549e-01 3.331887482384542909e-01 2.213898967392740058e-01 4.024443490575553284e-01 2.953788366629038764e-01 2.627925898456692777e-01 3.295198014548369470e-01 3.370830377114525933e-01 3.220200348527886280e-01 1.864807617615961421e-01 4.740915108374421649e-01 3.068619970787130335e-01 2.654281719851743215e-01 2.500365134668800504e-01 1.929498247724408810e-01 3.796109535122738632e-01 1.856441275953955028e-01 2.175803289348104685e-01 3.903285491718527789e-01 2.953072799974325591e-01
2.508199103309369793e-01 1.512327147056491961e-01 1.919652389544359294e-01 1.374267172211474930e-01 2.214386570102325480e-01 3.352076281797359836e-01 2.314490729958873505e-01 4.024443490575553284e-01 2.978018745906330089e-01 2.627925898456692777e-01 3.295198014548369470e-01 3.419296987942545551e-01 3.220200348527886280e-01 1.864807617615961421e-01 4.766454345917082724e-01 3.112763763426008579e-01 2.768602020988327750e-01 2.562976229268292827e-01 1.929498247724408810e-01 3.796109535122738632e-01 1.856441275953955028e-01 2.220876304967097370e-01 3.903285491718527789e-01 2.994147238456457694e-01
2.591545377355224389e-01 1.523843548886194554e-01 1.919652389544359294e-01 1.374267172211474930e-01 2.214386570102325480e-01 3.415322785680185991e-01 2.314490729958873505e-01 4.157573836369605202e-01 2.978018745906330089e-01 2.627925898456692777e-01 3.366923009456637694e-01 3.510009740389280486e-01 3.220200348527886280e-01 1.864807617615961421e-01 4.870222945545664150e-01 3.112763763426008579e-01 2.768602020988327750e-01 2.602634142572711196e-01 1.963752920866021490e-01 3.906331479808384799e-01 1.856441275953955028e-01 2.220876304967097370e-01 3.970406172849743065e-01 2.994147238456457694e-01
2.591545377355224389e-01 1.523843548886194554e-01 1.976762269399651717e-01 1.455428462581251081e-01 2.214386570102325480e-01 3.422546450869699552e-01 2.338597089843544863e-01 4.250529917259087131e-01 2.978018745906330089e-01 2.702309294646550453e-01 3.366923009456637694e-01 3.515841032959605705e-01 3.316291420604929874e-01 1.864807617615961421e-01 4.926137960155055340e-01 3.124098716535478326e-01 2.768602020988327750e-01 2.640363941990884200e-01 2.160102894832353071e-01 3.906331479808384799e-01 1.856441275953955028e-01 2.220876304967097370e-01 3.970406172849743065e-01 3.053916425856244565e-01
2.591545377355224389e-01 1.556990727880867009e-01 1.988196199845271850e-01 1.466437202353167712e-01 2.214386570102325480e-01 3.422546450869699552e-01 2.345703302237345245e-01 4.250529917259087131e-01 2.978018745906330089e-01 2.743060018852740978e-01 3.366923009456637694e-01 3.515841032959605705e-01 3.316291420604929874e-01 1.883312329565505483e-01 4.926137960155055340e-01 3.124098716535478326e-01 2.815557028695275799e-01 2.677059674196021199e-01 2.189946250888423762e-01 3.906331479808384799e-01 1.856441275953955028e-01 2.220876304967097370e-01 3.976346540016201248e-01 3.053916425856244565e-01
2.591750336801614818e-01 1.559731523902856964e-01 2.023207650492074294e-01 1.466437202353167712e-01 2.214386570102325480e-01 3.444671230393283046e-01 2.416483935725985133e-01 4.250529917259087131e-01 2.989651850965303059e-01 2.743060018852740978e-01 3.366923009456637694e-01 3.515841032959605705e-01 3.349734648489591793e-01 1.883312329565505483e-01 5.000668213169754406e-01 3.124098716535478326e-01 2.826246837215786178e-01 2.677059674196021199e-01 2.189946250888423762e-01 3.921953023355345125e-01 1.856441275953955028e-01 2.220876304967097370e-01 4.032594342129807163e-01 3.053916425856244565e-01
2.606545492807045283e-01 1.559731523902856964e-01 2.023207650492074294e-01 1.466437202353167712e-01 2.214386570102325480e-01 3.446783247247265924e-01 2.416483935725985133e-01 4.271246669015933417e-01 2.989651850965303059e-01 2.743060018852740978e-01 3.381182860876092433e-01 3.515841032959605705e-01 3.349734648489591793e-01 1.883312329565505483e-01 5.045307682959482287e-01 3.168620545586832149e-01 2.826246837215786178e-01 2.685926039172195079e-01 2.253875246635982932e-01 3.921953023355345125e-01 1.856441275953955028e-01 2.242472592680196941e-01 4.032594342129807163e-01 3.072394004138908064e-01
2.630142918534569829e-01 1.569681407371236459e-01 2.033776944108704465e-01 1.466437202353167712e-01 2.214386570102325480e-01 3.457194590030541193e-01 2.436261843185153486e-01 4.305606029112215016e-01 2.989651850965303059e-01 2.743060018852740978e-01 3.381182860876092433e-01 3.515841032959605705e-01 3.349734648489591793e-01 1.894535590077732756e-01 5.067241030128671886e-01 3.168620545586832149e-01 2.826246837215786178e-01 2.685926039172195079e-01 2.271878037177144927e-01 3.921953023355345125e-01 1.870724804597306279e-01 2.242472592680196941e-01 4.032594342129807163e-01 3.091088772596513046e-01
2.643373913989285340e-01 1.569681407371236459e-01 2.033776944108704465e-01 1.466437202353167712e-01 2.214386570102325480e-01 3.457194590030541193e-01 2.437653899670664259e-01 4.305606029112215016e-01 2.989651850965303059e-01 2.758014026662549689e-01 3.411688468207261238e-01 3.544977798254274615e-01 3.349734648489591793e-01 1.894535590077732756e-01 5.067241030128671886e-01 3.168620545586832149e-01 2.826246837215786178e-01 2.724972514926083944e-01 2.271878037177144927e-01 3.921953023355345125e-01 1.905731217172259018e-01 2.242472592680196941e-01 4.032594342129807163e-01 3.111578254981522962e-01
2.674070328596253043e-01 1.569681407371236459e-01 2.053007284269111610e-01 1.496785580247907976e-01 2.214386570102325480e-01 3.457194590030541193e-01 2.437653899670664259e-01 4.318060673272915428e-01 2.989651850965303059e-01 2.758014026662549689e-01 3.411688468207261238e-01 3.568414390673458336e-01 3.349734648489591793e-01 1.894535590077732756e-01 5.067429887633951857e-01 3.168620545586832149e-01 2.837349930375425711e-01 2.729857760813411693e-01 2.271878037177144927e-01 3.955463000534533147e-01 1.905731217172259018e-01 2.242472592680196941e-01 4.051552520026947546e-01 3.111578254981522962e-01
2.674070328596253043e-01 1.606818360250109878e-01 2.053007284269111610e-01 1.498007330462426678e-01 2.214386570102325480e-01 3.457194590030541193e-01 2.437653899670664259e-01 4.332544337192104078e-01 2.989651850965303059e-01 2.758014026662549689e-01 3.428549966312971486e-01 3.568414390673458336e-01 3.349734648489591793e-01 1.900196407578148283e-01 5.067429887633951857e-01 3.168620545586832149e-01 2.856613199218749344e-01 2.729857760813411693e-01 2.271878037177144927e-01 3.955463000534533147e-01 1.914685340597799545e-01 2.242472592680196941e-01 4.058559374410973253e-01 3.121137297750120609e-01
2.674070328596253043e-01 1.606818360250109878e-01 2.073307626487791155e-01 1.498007330462426678e-01 2.214386570102325480e-01 3.457194590030541193e-01 2.437653899670664259e-01 4.350913708426207838e-01 2.989651850965303059e-01 2.769060007834422965e-01 3.428549966312971486e-01 3.568414390673458336e-01 3.349734648489591793e-01 1.910783097869239999e-01 5.067429887633951857e-01 3.168620545586832149e-01 2.863312839800440379e-01 2.763732875911835696e-01 2.271878037177144927e-01 3.955463000534533147e-01 1.920377491848312967e-01 2.242472592680196941e-01 4.058559374410973253e-01 3.133149991254943756e-01
2.674070328596253043e-01 1.606818360250109878e-01 2.094029079544926231e-01 1.498007330462426678e-01 2.214386570102325480e-01 3.457194590030541193e-01 2.437653899670664259e-01 4.350913708426207838e-01 2.989651850965303059e-01 2.769060007834422965e-01 3.428549966312971486e-01 3.574577790454369075e-01 3.349734648489591793e-01 1.910783097869239999e-01 5.075725117395081254e-01 3.195459072960739055e-01 2.863312839800440379e-01 2.769963993711982986e-01 2.277980888961699257e-01 3.959734587428700991e-01 1.920377491848312967e-01 2.242472592680196941e-01 4.058559374410973253e-01 3.135602183593331205e-01
2.674070328596253043e-01 1.619633501217713212e-01 2.094029079544926231e-01 1.498007330462426678e-01 2.214386570102325480e-01 3.457194590030541193e-01 2.437653899670664259e-01 4.350913708426207838e-01 3.006050990226096231e-01 2.769060007834422965e-01 3.442886438822646555e-01 3.574577790454369075e-01 3.369584182441035525e-01 1.941780150666561067e-01 5.075725117395081254e-01 3.195459072960739055e-01 2.891939103685258750e-01 2.776316693952493031e-01 2.279247114093192195e-01 3.959734587428700991e-01 1.920377491848312967e-01 2.242472592680196941e-01 4.058559374410973253e-01 3.135602183593331205e-01
2.696822115639977979e-01 1.624447005454429105e-01 2.095842246967367095e-01 1.498007330462426678e-01 2.234167606572075027e-01 3.457194590030541193e-01 2.437653899670664259e-01 4.352201192237798999e-01 3.014708560087507871e-01 2.778608020578124949e-01 3.442886438822646555e-01 3.574577790454369075e-01 3.369584182441035525e-01 1.941780150666561067e-01 5.075725117395081254e-01 3.195459072960739055e-01 2.893712921799556081e-01 2.776316693952493031e-01 2.279247114093192195e-01 3.959734587428700991e-01 1.920377491848312967e-01 2.242472592680196941e-01 4.058559374410973253e-01 3.135602183593331205e-01
2.711192841471083415e-01 1.624447005454429105e-01 2.095842246967367095e-01 1.498007330462426678e-01 2.258304193476599886e-01 3.457194590030541193e-01 2.437653899670664259e-01 4.352201192237798999e-01 3.014708560087507871e-01 2.778608020578124949e-01 3.442886438822646555e-01 3.574577790454369075e-01 3.382559952178120222e-01 1.941780150666561067e-01 5.075725117395081254e-01 3.195459072960739055e-01 2.893712921799556081e-01 2.776316693952493031e-01 2.316226031618168202e-01 3.959734587428700991e-01 1.928992743616739780e-01 2.254594091805904865e-01 4.063855774419232736e-01 3.135602183593331205e-01
2.711192841471083415e-01 1.649908780535155051e-01 2.095842246967367095e-01 1.500233143655120283e-01 2.258304193476599886e-01 3.457194590030541193e-01 2.475151979943596703e-01 4.385786547434981086e-01 3.027354407538165870e-01 2.778608020578124949e-01 3.467810890230764720e-01 3.574577790454369075e-01 3.382559952178120222e-01 1.968090873269838503e-01 5.075725117395081254e-01 3.203070895332029155e-01 2.893712921799556081e-01 2.776316693952493031e-01 2.316226031618168202e-01 3.959734587428700991e-01 1.928992743616739780e-01 2.254594091805904865e-01 4.063855774419232736e-01 3.135602183593331205e-01
2.711192841471083415e-01 1.649908780535155051e-01 2.095842246967367095e-01 1.500233143655120283e-01 2.258304193476599886e-01 3.457194590030541193e-01 2.475151979943596703e-01 4.385786547434981086e-01 3.027354407538165870e-01 2.778608020578124949e-01 3.467810890230764720e-01 3.574577790454369075e-01 3.382559952178120222e-01 1.968090873269838503e-01 5.075725117395081254e-01 3.203070895332029155e-01 2.893712921799556081e-01 2.776316693952493031e-01 2.323231815422041047e-01 3.967199075789240581e-01 1.939423024555902986e-01 2.277251639810457806e-01 4.063855774419232736e-01 3.135602183593331205e-01
2.711192841471083415e-01 1.649908780535155051e-01 2.095842246967367095e-01 1.500233143655120283e-01 2.258304193476599886e-01 3.457194590030541193e-01 2.504901171624646650e-01 4.388318537644085304e-01 3.027354407538165870e-01 2.778608020578124949e-01 3.505360322182605182e-01 3.624221467689203724e-01 3.382559952178120222e-01 1.968090873269838503e-01 5.075725117395081254e-01 3.230271719716047985e-01 2.893712921799556081e-01 2.799397574724055704e-01 2.323231815422041047e-01 3.967199075789240581e-01 1.939423024555902986e-01 2.308446651763148560e-01 4.063855774419232736e-01 3.135602183593331205e-01
2.711192841471083415e-01 1.649908780535155051e-01 2.105043206721856075e-01 1.500233143655120283e-01 2.258304193476599886e-01 3.457194590030541193e-01 2.504901171624646650e-01 4.405398967605349547e-01 3.027354407538165870e-01 2.778608020578124949e-01 3.510422770860351926e-01 3.624221467689203724e-01 3.382559952178120222e-01 1.968090873269838503e-01 5.129426931629211817e-01 3.230271719716047985e-01 2.909439554285034868e-01 2.799397574724055704e-01 2.323231815422041047e-01 3.967199075789240581e-01 1.939423024555902986e-01 2.334018649788405786e-01 4.063855774419232736e-01 3.156047340045805005e-01
2.711192841471083415e-01 1.649908780535155051e-01 2.106384742551797307e-01 1.500233143655120283e-01 2.258304193476599886e-01 3.457194590030541193e-01 2.504901171624646650e-01 4.405398967605349547e-01 3.027354407538165870e-01 2.778608020578124949e-01 3.510422770860351926e-01 3.624221467689203724e-01 3.392701637581896357e-01 1.976726922293650102e-01 5.129426931629211817e-01 3.230271719716047985e-01 2.909439554285034868e-01 2.799397574724055704e-01 2.323231815422041047e-01 3.967199075789240581e-01 1.948579095060542499e-01 2.338147095326673641e-01 4.063855774419232736e-01 3.163652511095103592e-01
2.711192841471083415e-01 1.649908780535155051e-01 2.119943860682908243e-01 1.500233143655120283e-01 2.258304193476599886e-01 3.457194590030541193e-01 2.504901171624646650e-01 4.405398967605349547e-01 3.027354407538165870e-01 2.778608020578124949e-01 3.512975089132777118e-01 3.624221467689203724e-01 3.392701637581896357e-01 1.988932021554627450e-01 5.161617066674144549e-01 3.230271719716047985e-01 2.910957047790396768e-01 2.799397574724055704e-01 2.323231815422041047e-01 3.967199075789240581e-01 1.948579095060542499e-01 2.351832804417849088e-01 4.088049216057944024e-01 3.163652511095103592e-01
2.711192841471083415e-01 1.649908780535155051e-01 2.119943860682908243e-01 1.500233143655120283e-01 2.258304193476599886e-01 3.457194590030541193e-01 2.504901171624646650e-01 4.405398967605349547e-01 3.027354407538165870e-01 2.811859115676537124e-01 3.512975089132777118e-01 3.631757062229940547e-01 3.392701637581896357e-01 1.988932021554627450e-01 5.177424090029006942e-01 3.230271719716047985e-01 2.910957047790396768e-01 2.799397574724055704e-01 2.323231815422041047e-01 3.967199075789240581e-01 1.948579095060542499e-01 2.360145498980470435e-01 4.088049216057944024e-01 3.163652511095103592e-01
2.711192841471083415e-01 1.649908780535155051e-01 2.130470994719393940e-01 1.500233143655120283e-01 2.258304193476599886e-01 3.465817598230917507e-01 2.534123426361722387e-01 4.405398967605349547e-01 3.027354407538165870e-01 2.811859115676537124e-01 3.512975089132777118e-01 3.637023860140107812e-01 3.401058983504408606e-01 1.988932021554627450e-01 5.177424090029006942e-01 3.246298763608758686e-01 2.910957047790396768e-01 2.799397574724055704e-01 2.323231815422041047e-01 3.967199075789240581e-01 1.948579095060542499e-01 2.360145498980470435e-01 4.088049216057944024e-01 3.163652511095103592e-01
2.711192841471083415e-01 1.649908780535155051e-01 2.130470994719393940e-01 1.500233143655120283e-01 2.258304193476599886e-01 3.465817598230917507e-01 2.534123426361722387e-01 4.405398967605349547e-01 3.027354407538165870e-01 2.811859115676537124e-01 3.512975089132777118e-01 3.649403053441082623e-01 3.401058983504408606e-01 1.988932021554627450e-01 5.177424090029006942e-01 3.264150806749441802e-01 2.924191475641513271e-01 2.829410082097806312e-01 2.323231815422041047e-01 3.967199075789240581e-01 1.948579095060542499e-01 2.368088433104916790e-01 4.088049216057944024e-01 3.163652511095103592e-01
2.711192841471083415e-01 1.649908780535155051e-01 2.130470994719393940e-01 1.500233143655120283e-01 2.258304193476599886e-01 3.465817598230917507e-01 2.534123426361722387e-01 4.405398967605349547e-01 3.027354407538165870e-01 2.811859115676537124e-01 3.512975089132777118e-01 3.649403053441082623e-01 3.401058983504408606e-01 1.989089867128359113e-01 5.177424090029006942e-01 3.283855649670375798e-01 2.924744168946576961e-01 2.829410082097806312e-01 2.323231815422041047e-01 3.967199075789240581e-01 1.951115450565658049e-01 2.368088433104916790e-01 4.088049216057944024e-01 3.163652511095103592e-01
2.711192841471083415e-01 1.649908780535155051e-01 2.130470994719393940e-01 1.500233143655120283e-01 2.258304193476599886e-01 3.469742610493411483e-01 2.534123426361722387e-01 4.405398967605349547e-01 3.043057380002245904e-01 2.811859115676537124e-01 3.512975089132777118e-01 3.649403053441082623e-01 3.401058983504408606e-01 1.989089867128359113e-01 5.177424090029006942e-01 3.283855649670375798e-01 2.924744168946576961e-01 2.829410082097806312e-01 2.326943212000443795e-01 3.967199075789240581e-01 1.951115450565658049e-01 2.389569770279465211e-01 4.088049216057944024e-01 3.163652511095103592e-01
2.715171367488036225e-01 1.649908780535155051e-01 2.130470994719393940e-01 1.500233143655120283e-01 2.258304193476599886e-01 3.493885007705861412e-01 2.534123426361722387e-01 4.405398967605349547e-01 3.043057380002245904e-01 2.811859115676537124e-01 3.512975089132777118e-01 3.649403053441082623e-01 3.407997324026866837e-01 1.989089867128359113e-01 5.213221349221441869e-01 3.283855649670375798e-01 2.924744168946576961e-01 2.849102557104409295e-01 2.326943212000443795e-01 3.967199075789240581e-01 1.951807772304994248e-01 2.389569770279465211e-01 4.088049216057944024e-01 3.163652511095103592e-01
2.715171367488036225e-01 1.649908780535155051e-01 2.130470994719393940e-01 1.500233143655120283e-01 2.258304193476599886e-01 3.493885007705861412e-01 2.534123426361722387e-01 4.405398967605349547e-01 3.043057380002245904e-01 2.811859115676537124e-01 3.512975089132777118e-01 3.649403053441082623e-01 3.408372569691034415e-01 1.989089867128359113e-01 5.219938536493067271e-01 3.283855649670375798e-01 2.962190961196782268e-01 2.849102557104409295e-01 2.326943212000443795e-01 3.967199075789240581e-01 1.958528871834396279e-01 2.397727678433845266e-01 4.088049216057944024e-01 3.163652511095103592e-01
2.715171367488036225e-01 1.649908780535155051e-01 2.130470994719393940e-01 1.500233143655120283e-01 2.258304193476599886e-01 3.493885007705861412e-01 2.534123426361722387e-01 4.405398967605349547e-01 3.043057380002245904e-01 2.811859115676537124e-01 3.512975089132777118e-01 3.649403053441082623e-01 3.408372569691034415e-01 2.005712946203472846e-01 5.224196272087127113e-01 3.299896735124384639e-01 2.962190961196782268e-01 2.849102557104409295e-01 2.326943212000443795e-01 3.989235191367535016e-01 1.958528871834396279e-01 2.398519569031681842e-01 4.088049216057944024e-01 3.163652511095103592e-01
2.715171367488036225e-01 1.649908780535155051e-01 2.130470994719393940e-01 1.500233143655120283e-01 2.258304193476599886e-01 3.493885007705861412e-01 2.534123426361722387e-01 4.427208056426436000e-01 3.043057380002245904e-01 2.811859115676537124e-01 3.512975089132777118e-01 3.649403053441082623e-01 3.408372569691034415e-01 2.022605197234872421e-01 5.245526939501843344e-01 3.299896735124384639e-01 2.962190961196782268e-01 2.849102557104409295e-01 2.326943212000443795e-01 3.989235191367535016e-01 1.963660111786439399e-01 2.398519569031681842e-01 4.088049216057944024e-01 3.163652511095103592e-01
2.715171367488036225e-01 1.649908780535155051e-01 2.130470994719393940e-01 1.500233143655120283e-01 2.258304193476599886e-01 3.493885007705861412e-01 2.534123426361722387e-01 4.427208056426436000e-01 3.043057380002245904e-01 2.811859115676537124e-01 3.512975089132777118e-01 3.649403053441082623e-01 3.408372569691034415e-01 2.022605197234872421e-01 5.245526939501843344e-01 3.299896735124384639e-01 2.962190961196782268e-01 2.849102557104409295e-01 2.326943212000443795e-01 3.989235191367535016e-01 1.963660111786439399e-01 2.398519569031681842e-01 4.088049216057944024e-01 3.163652511095103592e-01
