0.000000000000000000e+00 0.000000000000000000e+00 0.000000000000000000e+00 0.000000000000000000e+00 0.000000000000000000e+00 0.000000000000000000e+00 0.000000000000000000e+00 0.000000000000000000e+00 0.000000000000000000e+00 0.000000000000000000e+00 0.000000000000000000e+00 0.000000000000000000e+00 0.000000000000000000e+00 0.000000000000000000e+00 0.000000000000000000e+00 0.000000000000000000e+00
2.545118854783368079e-02 4.390505492713270286e-02 0.000000000000000000e+00 2.642786982560796361e-02 7.030011871673735868e-04 6.145962946278693551e-02 6.803004620940811265e-02 2.514340353448840659e-02 0.000000000000000000e+00 1.549345603584129094e-02 0.000000000000000000e+00 1.016566677858499190e-02 0.000000000000000000e+00 7.537090904203402886e-02 8.569354572801746173e-02 6.040809693980886408e-02
2.545118854783368079e-02 4.390505492713270286e-02 7.499326394774406823e-02 1.057304018843826243e-01 7.030011871673735868e-04 6.145962946278693551e-02 1.054898714488174960e-01 1.654234423631794071e-01 3.872716491324527943e-03 7.176862844673520536e-02 1.592416525628354007e-01 9.134848194265182686e-02 3.208206386367502133e-02 1.471984423084480575e-01 1.743141850217164168e-01 1.533811439244606167e-01
2.433456741286902925e-01 4.390505492713270286e-02 9.938772699107831232e-02 1.513192272057775067e-01 6.221967528202709818e-02 9.919661972957050100e-02 1.423223092374851784e-01 1.654234423631794071e-01 1.205030701014016409e-01 1.849255733870269758e-01 3.142508804074945483e-01 1.816857355848817690e-01 3.208206386367502133e-02 1.471984423084480575e-01 1.743141850217164168e-01 2.045294301979909968e-01
2.433456741286902925e-01 6.356613511502828828e-02 1.293931553885773744e-01 1.789446050916525532e-01 1.080972386726597179e-01 9.919661972957050100e-02 1.423223092374851784e-01 1.654234423631794071e-01 1.205030701014016409e-01 2.324136212577899985e-01 3.142508804074945483e-01 1.897008569286980639e-01 7.182693821653635124e-02 1.777291993056473451e-01 1.743141850217164168e-01 2.148517965440255584e-01
2.454820882304792340e-01 6.658961231306267936e-02 1.293931553885773744e-01 1.789446050916525532e-01 1.174515745978772230e-01 1.078048873326787060e-01 1.519145878590857646e-01 1.654234423631794071e-01 1.244406162962152090e-01 2.327456566600591414e-01 3.142508804074945483e-01 1.897008569286980639e-01 7.627925017091823079e-02 1.777291993056473451e-01 1.743141850217164168e-01 2.159849625496059189e-01
2.888441415676699653e-01 9.720619806461933132e-02 1.746047739185916381e-01 1.789446050916525532e-01 1.379361201345231658e-01 1.409359665553544250e-01 1.952029979355057732e-01 1.654234423631794071e-01 1.244406162962152090e-01 2.679022224636928851e-01 3.142508804074945483e-01 2.328418779106286307e-01 7.627925017091823079e-02 1.777291993056473451e-01 1.743141850217164168e-01 2.227749739716335942e-01
2.888441415676699653e-01 9.720619806461933132e-02 1.876015132304110489e-01 1.789446050916525532e-01 1.543882680843173261e-01 1.409359665553544250e-01 1.952468802886002663e-01 1.654234423631794071e-01 1.244406162962152090e-01 2.680111384591334911e-01 3.210294980492681693e-01 2.328418779106286307e-01 7.627925017091823079e-02 1.781678601366759596e-01 1.743141850217164168e-01 2.263943792697352686e-01
2.972787184141927885e-01 1.087500287218290396e-01 1.876015132304110489e-01 1.789446050916525532e-01 1.896701589405818122e-01 1.543246727893914372e-01 1.952468802886002663e-01 1.927827395972438462e-01 1.458266208257157359e-01 2.742570709833814790e-01 3.210294980492681693e-01 2.575543434485428884e-01 7.627925017091823079e-02 1.879341499393981096e-01 2.007451216877021716e-01 2.263943792697352686e-01
2.972787184141927885e-01 1.096874185653125278e-01 2.108283569298592397e-01 1.789446050916525532e-01 2.024700330624024103e-01 1.549963500731636468e-01 1.981414482581846936e-01 1.927827395972438462e-01 1.574808998571479712e-01 2.743504897058465786e-01 3.434153468219300898e-01 2.681841604233622389e-01 7.627925017091823079e-02 1.879341499393981096e-01 2.007451216877021716e-01 2.263943792697352686e-01
2.972787184141927885e-01 1.096874185653125278e-01 2.118723621911093868e-01 1.820570995816309101e-01 2.054027493274628302e-01 1.549963500731636468e-01 1.996190724688144125e-01 1.930714639541193378e-01 1.590708015893217420e-01 2.743504897058465786e-01 3.434153468219300898e-01 2.701266893854734619e-01 8.014725746772591308e-02 1.914859278006408871e-01 2.007451216877021716e-01 2.263943792697352686e-01
2.972787184141927885e-01 1.152679207688241531e-01 2.118723621911093868e-01 1.827366986032935570e-01 2.054027493274628302e-01 1.549963500731636468e-01 1.996190724688144125e-01 1.930714639541193378e-01 1.644868222634344179e-01 2.743504897058465786e-01 3.483183996399048521e-01 2.701266893854734619e-01 8.354930562417217654e-02 1.914859278006408871e-01 2.007451216877021716e-01 2.263943792697352686e-01
2.972787184141927885e-01 1.152679207688241531e-01 2.158697914164453557e-01 1.827366986032935570e-01 2.206725610848010166e-01 1.576460806849837581e-01 2.099292563901329345e-01 2.017552865369653947e-01 1.644868222634344179e-01 2.743504897058465786e-01 3.522347298616552713e-01 2.740333382569490883e-01 8.849364489517977383e-02 1.914859278006408871e-01 2.007451216877021716e-01 2.263943792697352686e-01
2.974664849080633777e-01 1.152679207688241531e-01 2.158697914164453557e-01 1.827366986032935570e-01 2.206725610848010166e-01 1.594964051791087911e-01 2.108976661786243767e-01 2.053024817132838575e-01 1.675719463125717179e-01 2.743504897058465786e-01 3.522347298616552713e-01 2.752079171701922178e-01 8.849364489517977383e-02 1.914859278006408871e-01 2.032477199342687113e-01 2.263943792697352686e-01
2.974664849080633777e-01 1.152679207688241531e-01 2.159021468454500603e-01 1.848033447660133444e-01 2.242689382696439193e-01 1.594964051791087911e-01 2.113591466454958490e-01 2.053024817132838575e-01 1.695010466349544109e-01 2.743504897058465786e-01 3.522347298616552713e-01 2.752079171701922178e-01 8.849364489517977383e-02 1.914859278006408871e-01 2.032962038398141991e-01 2.271442549360034313e-01
2.998867620452431715e-01 1.177799049392476149e-01 2.159021468454500603e-01 1.849580939842110916e-01 2.242689382696439193e-01 1.594964051791087911e-01 2.113591466454958490e-01 2.071859734530438479e-01 1.755949875753474443e-01 2.743504897058465786e-01 3.559732399724088170e-01 2.752079171701922178e-01 8.849364489517977383e-02 1.915790366048434612e-01 2.039710861621314708e-01 2.308524567950986373e-01
3.030308090336462090e-01 1.177799049392476149e-01 2.206714328478289466e-01 1.884952136074576901e-01 2.242689382696439193e-01 1.629491983161484026e-01 2.113591466454958490e-01 2.071859734530438479e-01 1.755949875753474443e-01 2.743504897058465786e-01 3.559732399724088170e-01 2.752079171701922178e-01 8.939652774352692399e-02 1.979033543209774149e-01 2.039710861621314708e-01 2.308524567950986373e-01
3.054987828275576023e-01 1.177799049392476149e-01 2.206714328478289466e-01 1.918459721461182044e-01 2.269876622754151141e-01 1.629491983161484026e-01 2.113591466454958490e-01 2.071859734530438479e-01 1.794716595586399177e-01 2.747759884897696958e-01 3.560371543649639703e-01 2.752079171701922178e-01 8.939652774352692399e-02 1.979033543209774149e-01 2.039710861621314708e-01 2.318593208914925818e-01
3.061205404302772548e-01 1.177799049392476149e-01 2.206714328478289466e-01 1.918459721461182044e-01 2.269876622754151141e-01 1.629491983161484026e-01 2.113591466454958490e-01 2.071859734530438479e-01 1.813322194137704790e-01 2.758412757125642267e-01 3.584858892533634989e-01 2.752079171701922178e-01 9.096322462947625809e-02 1.979033543209774149e-01 2.039710861621314708e-01 2.318593208914925818e-01
3.147360802365568588e-01 1.177799049392476149e-01 2.229107867425126344e-01 1.984203147807608036e-01 2.269876622754151141e-01 1.629491983161484026e-01 2.113591466454958490e-01 2.071859734530438479e-01 1.875023811737852042e-01 2.758412757125642267e-01 3.584858892533634989e-01 2.838964482059005423e-01 9.096322462947625809e-02 1.979033543209774149e-01 2.039710861621314708e-01 2.318593208914925818e-01
3.147360802365568588e-01 1.177799049392476149e-01 2.254082119335850676e-01 1.998171750867400731e-01 2.269876622754151141e-01 1.629491983161484026e-01 2.129299656549489272e-01 2.071859734530438479e-01 1.916708349944932221e-01 2.783911366678998300e-01 3.584858892533634989e-01 2.838964482059005423e-01 9.096322462947625809e-02 1.979033543209774149e-01 2.039710861621314708e-01 2.356927632102024384e-01
3.147360802365568588e-01 1.177799049392476149e-01 2.256600603345298994e-01 2.029071885100393047e-01 2.269876622754151141e-01 1.629491983161484026e-01 2.129299656549489272e-01 2.088534696986574790e-01 1.923504983687210901e-01 2.798351315588405441e-01 3.584858892533634989e-01 2.838964482059005423e-01 9.096322462947625809e-02 1.979033543209774149e-01 2.039710861621314708e-01 2.356927632102024384e-01
3.147360802365568588e-01 1.177799049392476149e-01 2.256600603345298994e-01 2.032351183636968983e-01 2.269876622754151141e-01 1.629491983161484026e-01 2.129299656549489272e-01 2.090587217654089336e-01 1.923504983687210901e-01 2.806946532417953222e-01 3.584858892533634989e-01 2.838964482059005423e-01 9.096322462947625809e-02 1.979033543209774149e-01 2.039710861621314708e-01 2.356927632102024384e-01
3.147360802365568588e-01 1.205504979616800337e-01 2.256600603345298994e-01 2.032351183636968983e-01 2.269876622754151141e-01 1.634596632734633959e-01 2.129299656549489272e-01 2.094210203436421835e-01 1.971689546016959782e-01 2.806946532417953222e-01 3.618827651297696901e-01 2.859444485851251327e-01 9.096322462947625809e-02 1.979033543209774149e-01 2.068017652316659072e-01 2.356927632102024384e-01
3.147360802365568588e-01 1.205504979616800337e-01 2.256600603345298994e-01 2.060104852308402845e-01 2.283504983524251020e-01 1.634596632734633959e-01 2.134916524036352126e-01 2.094210203436421835e-01 1.971689546016959782e-01 2.806946532417953222e-01 3.618827651297696901e-01 2.882013217724330723e-01 9.096322462947625809e-02 1.994451282066860009e-01 2.068017652316659072e-01 2.360081291355015098e-01
3.147360802365568588e-01 1.205504979616800337e-01 2.262585146357979082e-01 2.088431942879245828e-01 2.283504983524251020e-01 1.634596632734633959e-01 2.134916524036352126e-01 2.094210203436421835e-01 1.971689546016959782e-01 2.806946532417953222e-01 3.618827651297696901e-01 2.882013217724330723e-01 9.096322462947625809e-02 2.001807004077704732e-01 2.082301966020287665e-01 2.360081291355015098e-01
3.147360802365568588e-01 1.209857818698694132e-01 2.262585146357979082e-01 2.091200372215036296e-01 2.283504983524251020e-01 1.634596632734633959e-01 2.134916524036352126e-01 2.102097905722845606e-01 1.971689546016959782e-01 2.806946532417953222e-01 3.618827651297696901e-01 2.882013217724330723e-01 9.096322462947625809e-02 2.003641771739774202e-01 2.082301966020287665e-01 2.360081291355015098e-01
3.147360802365568588e-01 1.209857818698694132e-01 2.266558236879002708e-01 2.091200372215036296e-01 2.283504983524251020e-01 1.634596632734633959e-01 2.134916524036352126e-01 2.103506033063524405e-01 1.971689546016959782e-01 2.806946532417953222e-01 3.618827651297696901e-01 2.927809530893625833e-01 9.096322462947625809e-02 2.003641771739774202e-01 2.082301966020287665e-01 2.360381016502515195e-01
3.147360802365568588e-01 1.213797251627966034e-01 2.266558236879002708e-01 2.091200372215036296e-01 2.305636886597572099e-01 1.634596632734633959e-01 2.134916524036352126e-01 2.103506033063524405e-01 1.975282634807620785e-01 2.810265747772877631e-01 3.618827651297696901e-01 2.927809530893625833e-01 9.096322462947625809e-02 2.003641771739774202e-01 2.082301966020287665e-01 2.370009343050225592e-01
3.147360802365568588e-01 1.244734494701426053e-01 2.266558236879002708e-01 2.091200372215036296e-01 2.305636886597572099e-01 1.634596632734633959e-01 2.134916524036352126e-01 2.109965981364547716e-01 1.975282634807620785e-01 2.811479471902227911e-01 3.618827651297696901e-01 2.927809530893625833e-01 9.147913634819815343e-02 2.003641771739774202e-01 2.082301966020287665e-01 2.370009343050225592e-01
3.147360802365568588e-01 1.263621218994712692e-01 2.266558236879002708e-01 2.091200372215036296e-01 2.305636886597572099e-01 1.634596632734633959e-01 2.134916524036352126e-01 2.118776282020053414e-01 1.975282634807620785e-01 2.811479471902227911e-01 3.618827651297696901e-01 2.927809530893625833e-01 9.307496777451669534e-02 2.013387836461504321e-01 2.082301966020287665e-01 2.370009343050225592e-01
3.147360802365568588e-01 1.281882431465106720e-01 2.266558236879002708e-01 2.100610544729875351e-01 2.305636886597572099e-01 1.647128297215800785e-01 2.134916524036352126e-01 2.118776282020053414e-01 1.975282634807620785e-01 2.811479471902227911e-01 3.618827651297696901e-01 2.938913055269894992e-01 9.307496777451669534e-02 2.013387836461504321e-01 2.082301966020287665e-01 2.370009343050225592e-01
3.147360802365568588e-01 1.281882431465106720e-01 2.266558236879002708e-01 2.100610544729875351e-01 2.305636886597572099e-01 1.647128297215800785e-01 2.134916524036352126e-01 2.118776282020053414e-01 1.975282634807620785e-01 2.811479471902227911e-01 3.618827651297696901e-01 2.938913055269894992e-01 9.307496777451669534e-02 2.013387836461504321e-01 2.082301966020287665e-01 2.370009343050225592e-01
