0.000000000000000000e+00 0.000000000000000000e+00 0.000000000000000000e+00 0.000000000000000000e+00 0.000000000000000000e+00 0.000000000000000000e+00 0.000000000000000000e+00 0.000000000000000000e+00 0.000000000000000000e+00 0.000000000000000000e+00 0.000000000000000000e+00 0.000000000000000000e+00 0.000000000000000000e+00 0.000000000000000000e+00 0.000000000000000000e+00 0.000000000000000000e+00 0.000000000000000000e+00 0.000000000000000000e+00 0.000000000000000000e+00 0.000000000000000000e+00 0.000000000000000000e+00 0.000000000000000000e+00 0.000000000000000000e+00 0.000000000000000000e+00
2.061637738258596531e-01 7.675483126869145356e-02 0.000000000000000000e+00 1.696240502591683796e-02 0.000000000000000000e+00 1.165551720407391190e-01 1.376285269187885185e-01 9.821239485548774462e-02 1.288780122146365725e-03 0.000000000000000000e+00 4.093845034701882879e-01 1.931407673073454179e-02 1.291716598570358532e-01 3.817577376184735916e-02 1.193003038277481581e-01 9.737831116359174644e-02 4.636114317411745844e-01 4.466510028628967177e-02 0.000000000000000000e+00 1.601088708936378446e-01 1.205998074975498935e-01 1.046574274353450906e-01 1.853669198014506470e-01 0.000000000000000000e+00
2.533203078509869144e-01 1.216734149230476042e-01 1.032656209627385024e-01 3.403578827499827847e-02 3.899408564584197490e-02 1.832132666855334491e-01 1.376285269187885185e-01 9.926210691847409118e-02 1.305810428461585682e-01 1.510291122581377404e-02 4.093845034701882879e-01 1.086538829274178442e-01 1.524096945935278780e-01 1.669255431361351683e-01 1.193003038277481581e-01 9.737831116359174644e-02 4.636114317411745844e-01 4.466510028628967177e-02 5.847477344272571098e-02 2.151232219454232153e-01 1.508344363224078943e-01 2.371572658409801804e-01 3.243591157859879170e-01 9.180941407839646184e-02
2.533203078509869144e-01 1.633873108648341843e-01 2.321201271846993486e-01 1.281951376552261657e-01 1.114867675698847649e-01 1.832132666855334491e-01 1.621558407887457309e-01 9.926210691847409118e-02 1.305810428461585682e-01 6.033404065570572433e-02 4.093845034701882879e-01 1.086538829274178442e-01 2.469787269793723705e-01 1.790256408359122142e-01 1.901322555458458963e-01 1.848381170722174782e-01 5.426734460129168935e-01 7.990989655080822651e-02 7.125534988235848743e-02 2.151232219454232153e-01 1.508344363224078943e-01 2.605893451109876358e-01 3.243591157859879170e-01 9.180941407839646184e-02
2.533203078509869144e-01 1.633873108648341843e-01 2.321201271846993486e-01 1.281951376552261657e-01 1.927455399146460469e-01 1.832132666855334491e-01 3.457651860473198724e-01 9.926210691847409118e-02 2.693214773730405742e-01 1.027874915856141214e-01 4.093845034701882879e-01 1.505639664632843489e-01 3.658802080061652751e-01 3.580771978373569198e-01 2.267026894492995548e-01 1.848381170722174782e-01 5.705794926652676402e-01 1.650634721903070368e-01 1.294441678736233947e-01 2.151232219454232153e-01 1.600214262223927375e-01 3.346755726657417718e-01 3.243591157859879170e-01 9.180941407839646184e-02
3.251527530151970824e-01 2.186376097552414910e-01 2.411476132825099705e-01 2.096440563467825147e-01 2.798211313354808105e-01 1.832132666855334491e-01 4.393239118274054333e-01 1.879182191273125468e-01 2.693214773730405742e-01 1.027874915856141214e-01 4.805542955929464899e-01 1.647413358158909269e-01 3.658802080061652751e-01 4.072504163526035614e-01 2.267026894492995548e-01 1.848381170722174782e-01 6.059718602421569900e-01 1.938986151248170142e-01 2.561002907509526416e-01 2.151232219454232153e-01 2.344900140433290314e-01 3.977890119436534588e-01 3.243591157859879170e-01 9.180941407839646184e-02
3.830224921874271216e-01 2.186376097552414910e-01 2.808439513364612283e-01 2.096440563467825147e-01 2.901948412364585561e-01 2.376950666276751445e-01 4.793015687238320055e-01 1.879182191273125468e-01 2.693214773730405742e-01 1.721766768400496139e-01 4.805542955929464899e-01 1.647413358158909269e-01 3.658802080061652751e-01 4.072504163526035614e-01 2.519817935091909211e-01 1.986756540860162845e-01 6.179903791661607304e-01 1.938986151248170142e-01 2.561002907509526416e-01 2.862561726669415330e-01 3.195596996972169812e-01 3.977890119436534588e-01 3.668636919300669597e-01 1.102833304882107068e-01
3.986086784464643040e-01 2.420378658865285082e-01 2.808439513364612283e-01 2.275275407494802282e-01 2.907798378091983604e-01 2.378858164268924380e-01 4.987757189981043005e-01 2.230617972432590301e-01 2.776514384569722660e-01 1.721766768400496139e-01 4.805542955929464899e-01 1.647413358158909269e-01 3.658802080061652751e-01 4.072504163526035614e-01 2.519817935091909211e-01 1.986756540860162845e-01 6.479478243047496200e-01 2.200835851116908493e-01 2.721024171293100480e-01 2.862561726669415330e-01 3.308868519354301596e-01 4.055126054518289336e-01 3.904400340105984579e-01 1.573215555353403572e-01
3.986086784464643040e-01 2.424361001646074820e-01 2.808439513364612283e-01 2.485824412356003044e-01 2.956611011192116778e-01 2.613171847356653976e-01 4.987757189981043005e-01 2.230617972432590301e-01 2.992633539316635893e-01 1.830428194739651682e-01 5.029012321695609522e-01 1.652174390094675593e-01 3.906610790990896476e-01 4.072504163526035614e-01 2.521923864291905071e-01 2.151363246201043466e-01 6.617749423019090305e-01 2.278958848140417714e-01 2.721024171293100480e-01 2.862561726669415330e-01 3.308868519354301596e-01 4.055126054518289336e-01 3.930859582602611035e-01 1.736511351937527481e-01
4.036686284027339866e-01 2.424361001646074820e-01 2.808439513364612283e-01 2.570583743246732666e-01 3.166226396336420112e-01 2.613171847356653976e-01 5.324261622771047087e-01 2.394369939775237988e-01 3.210728495018813078e-01 1.830428194739651682e-01 5.212718564068565819e-01 1.652174390094675593e-01 4.257784982088019254e-01 4.072504163526035614e-01 2.521923864291905071e-01 2.162790168036587135e-01 6.794293269348768982e-01 2.278958848140417714e-01 2.721024171293100480e-01 2.914045234613442670e-01 3.328387812965831749e-01 4.281604176306103571e-01 3.930859582602611035e-01 1.736511351937527481e-01
4.045281335330095374e-01 2.499199159972447237e-01 2.808439513364612283e-01 2.570583743246732666e-01 3.263087958086963170e-01 2.629663150837909802e-01 5.324261622771047087e-01 2.394369939775237988e-01 3.367363972707284048e-01 1.897120311121591740e-01 5.261426785765175307e-01 1.696037399546662661e-01 4.376655467064676230e-01 4.176922782645340337e-01 2.521923864291905071e-01 2.242072385982787353e-01 6.794293269348768982e-01 2.278958848140417714e-01 2.853055291916962166e-01 2.914045234613442670e-01 3.328387812965831749e-01 4.281604176306103571e-01 3.971662761942056363e-01 1.736511351937527481e-01
4.096065152822924160e-01 2.499199159972447237e-01 2.808439513364612283e-01 2.593053730502114518e-01 3.344067118369171698e-01 2.662382912529757117e-01 5.324261622771047087e-01 2.476600102099184297e-01 3.367363972707284048e-01 1.897120311121591740e-01 5.261426785765175307e-01 1.696037399546662661e-01 4.480265926299681900e-01 4.202224481009907975e-01 2.719543799788728955e-01 2.351447305774883034e-01 6.794293269348768982e-01 2.278958848140417714e-01 2.853055291916962166e-01 2.993992112142123685e-01 3.388260246149918942e-01 4.358597182081354049e-01 3.971662761942056363e-01 1.908786107370375740e-01
4.096065152822924160e-01 2.499199159972447237e-01 2.808439513364612283e-01 2.669182439331702072e-01 3.344067118369171698e-01 2.798377386854973281e-01 5.534651601588658210e-01 2.476600102099184297e-01 3.471205432712473060e-01 1.914699197827687271e-01 5.447229372822930404e-01 1.754381222488584080e-01 4.494927233945534839e-01 4.320363116202639020e-01 2.719543799788728955e-01 2.444499844690406487e-01 6.794293269348768982e-01 2.278958848140417714e-01 3.111343374037627285e-01 2.993992112142123685e-01 3.388260246149918942e-01 4.475718617045263414e-01 4.224770269022002367e-01 1.908786107370375740e-01
4.096065152822924160e-01 2.518574171415527418e-01 2.922108721022712574e-01 2.669182439331702072e-01 3.344067118369171698e-01 2.798377386854973281e-01 5.573923886803759942e-01 2.605154522712722631e-01 3.471205432712473060e-01 1.943930037609643557e-01 5.447229372822930404e-01 1.754381222488584080e-01 4.494927233945534839e-01 4.320363116202639020e-01 2.749560717794777842e-01 2.492744335302042868e-01 6.796583671365123980e-01 2.278958848140417714e-01 3.111343374037627285e-01 2.993992112142123685e-01 3.388260246149918942e-01 4.475718617045263414e-01 4.337137629705104525e-01 1.934291737818051027e-01
4.096065152822924160e-01 2.518574171415527418e-01 2.922108721022712574e-01 2.669182439331702072e-01 3.344890662476531773e-01 2.803724458672789410e-01 5.579735208712435224e-01 2.605154522712722631e-01 3.471205432712473060e-01 1.943930037609643557e-01 5.462840228600560621e-01 1.754381222488584080e-01 4.494927233945534839e-01 4.320363116202639020e-01 2.804829003461078996e-01 2.492744335302042868e-01 6.880874110701000745e-01 2.280115625997116702e-01 3.111343374037627285e-01 2.993992112142123685e-01 3.388260246149918942e-01 4.511370038439963537e-01 4.415289727738631598e-01 2.016812801279148637e-01
4.256848418129804967e-01 2.518574171415527418e-01 2.922108721022712574e-01 2.669182439331702072e-01 3.344890662476531773e-01 2.810288909710271787e-01 5.579735208712435224e-01 2.806883308643586261e-01 3.471205432712473060e-01 2.026134941485224772e-01 5.462840228600560621e-01 1.772579046214315945e-01 4.557859465071369964e-01 4.320363116202639020e-01 2.821494695120225216e-01 2.564815062613997054e-01 6.905190071271718466e-01 2.280115625997116702e-01 3.174384645635750513e-01 2.993992112142123685e-01 3.388260246149918942e-01 4.704773876028194302e-01 4.455909995903986065e-01 2.016812801279148637e-01
4.256848418129804967e-01 2.592401194285723354e-01 2.922108721022712574e-01 2.669182439331702072e-01 3.344890662476531773e-01 2.810288909710271787e-01 5.591581120109604397e-01 2.806883308643586261e-01 3.494027098343426285e-01 2.115066814513003601e-01 5.462840228600560621e-01 1.772579046214315945e-01 4.559860650919001501e-01 4.328252473872424844e-01 2.821494695120225216e-01 2.564815062613997054e-01 6.955991519128659206e-01 2.280115625997116702e-01 3.174384645635750513e-01 3.081124096020336767e-01 3.388260246149918942e-01 4.791696638528379903e-01 4.601226205732898977e-01 2.097849857969351639e-01
4.396616026151203283e-01 2.592401194285723354e-01 2.955446377670927216e-01 2.669182439331702072e-01 3.369953236987441869e-01 2.810288909710271787e-01 5.692068281223685577e-01 2.910152391610195122e-01 3.614806051492909789e-01 2.133563456935109182e-01 5.462840228600560621e-01 1.784697415579268864e-01 4.559860650919001501e-01 4.399632071162066227e-01 3.020222487487932428e-01 2.564815062613997054e-01 6.955991519128659206e-01 2.280115625997116702e-01 3.174384645635750513e-01 3.156658935175692404e-01 3.388260246149918942e-01 4.883929568854549763e-01 4.601226205732898977e-01 2.274456301547733705e-01
4.416570473476175707e-01 2.615533733821280293e-01 2.955446377670927216e-01 2.669182439331702072e-01 3.384703494353782927e-01 2.810288909710271787e-01 5.692068281223685577e-01 2.910152391610195122e-01 3.668415283849090214e-01 2.133563456935109182e-01 5.496148175569690597e-01 1.838078975452097918e-01 4.579784082940558942e-01 4.493206068128411390e-01 3.020222487487932428e-01 2.573397493718516671e-01 6.980967794073643651e-01 2.280115625997116702e-01 3.174384645635750513e-01 3.156658935175692404e-01 3.388260246149918942e-01 4.912778190207376383e-01 4.601226205732898977e-01 2.315008409643640741e-01
4.416570473476175707e-01 2.623661154873438983e-01 2.984771108080934710e-01 2.669182439331702072e-01 3.384703494353782927e-01 2.810288909710271787e-01 5.692068281223685577e-01 2.916130233169565988e-01 3.668415283849090214e-01 2.133563456935109182e-01 5.496148175569690597e-01 1.883292461899133130e-01 4.670344047830964906e-01 4.493206068128411390e-01 3.150916859867312070e-01 2.645598394147472554e-01 6.980967794073643651e-01 2.280115625997116702e-01 3.185010644152567183e-01 3.233550948937490288e-01 3.388260246149918942e-01 4.912778190207376383e-01 4.615467862306076308e-01 2.315008409643640741e-01
4.416570473476175707e-01 2.654337747721466911e-01 2.995687281913834710e-01 2.669182439331702072e-01 3.439453269870895724e-01 2.896300569941928638e-01 5.723527089344097041e-01 2.916130233169565988e-01 3.668415283849090214e-01 2.260602357355363523e-01 5.496148175569690597e-01 1.976258630105624525e-01 4.670344047830964906e-01 4.493206068128411390e-01 3.150916859867312070e-01 2.645598394147472554e-01 6.980967794073643651e-01 2.367717929948086053e-01 3.224440340775772684e-01 3.261253994487738339e-01 3.388260246149918942e-01 4.949414812657249030e-01 4.622016504882596744e-01 2.380273853290528763e-01
4.416570473476175707e-01 2.687822041347971425e-01 3.007271802995075682e-01 2.669182439331702072e-01 3.439453269870895724e-01 2.896300569941928638e-01 5.723527089344097041e-01 2.916130233169565988e-01 3.725515121006463537e-01 2.277365738183287636e-01 5.496148175569690597e-01 1.976258630105624525e-01 4.708790518957729487e-01 4.493206068128411390e-01 3.168735813522917666e-01 2.645598394147472554e-01 7.034343061088402793e-01 2.367717929948086053e-01 3.224440340775772684e-01 3.299581569683430748e-01 3.394367331281264999e-01 4.962471874803016103e-01 4.622016504882596744e-01 2.407714640486202651e-01
4.419390888381790061e-01 2.687822041347971425e-01 3.101258411022967953e-01 2.785461032981455531e-01 3.439453269870895724e-01 2.909694128195373652e-01 5.725135362615740853e-01 3.050335570337160407e-01 3.736538012475641990e-01 2.277365738183287636e-01 5.588325886246898744e-01 2.063341130851160110e-01 4.708790518957729487e-01 4.559600574843927778e-01 3.168735813522917666e-01 2.645598394147472554e-01 7.034343061088402793e-01 2.367717929948086053e-01 3.224440340775772684e-01 3.299581569683430748e-01 3.394367331281264999e-01 4.968832986435364751e-01 4.622016504882596744e-01 2.457117580777593291e-01
4.419390888381790061e-01 2.687822041347971425e-01 3.138666669156605638e-01 2.850672296889791846e-01 3.439453269870895724e-01 2.909694128195373652e-01 5.725135362615740853e-01 3.050335570337160407e-01 3.736538012475641990e-01 2.277365738183287636e-01 5.594545356254764235e-01 2.184083010747146503e-01 4.708790518957729487e-01 4.559600574843927778e-01 3.168735813522917666e-01 2.665083186845589314e-01 7.034343061088402793e-01 2.367717929948086053e-01 3.321737091288994304e-01 3.303937084857239692e-01 3.394367331281264999e-01 5.003587239012265986e-01 4.716466336204693799e-01 2.557627846662772764e-01
4.456985684649963364e-01 2.687822041347971425e-01 3.138666669156605638e-01 2.850672296889791846e-01 3.442275993576515702e-01 2.912781375018954066e-01 5.725135362615740853e-01 3.050335570337160407e-01 3.754383122071505152e-01 2.279703186187892472e-01 5.594545356254764235e-01 2.184083010747146503e-01 4.708790518957729487e-01 4.559600574843927778e-01 3.168735813522917666e-01 2.665083186845589314e-01 7.034343061088402793e-01 2.390692642509509858e-01 3.340102963238109623e-01 3.318744910876514354e-01 3.394367331281264999e-01 5.003587239012265986e-01 4.766362099740322766e-01 2.557627846662772764e-01
4.456985684649963364e-01 2.687822041347971425e-01 3.138666669156605638e-01 2.855437541022177728e-01 3.442275993576515702e-01 2.957840903722434578e-01 5.726572510846830166e-01 3.050335570337160407e-01 3.754383122071505152e-01 2.340865335719761464e-01 5.617562335587675815e-01 2.249083014732196628e-01 4.708790518957729487e-01 4.574868270010199467e-01 3.206279333376881313e-01 2.665083186845589314e-01 7.034343061088402793e-01 2.410445461306100767e-01 3.391174414917303426e-01 3.318744910876514354e-01 3.394367331281264999e-01 5.003587239012265986e-01 4.766362099740322766e-01 2.557627846662772764e-01
4.456985684649963364e-01 2.693982919603700177e-01 3.138666669156605638e-01 2.855437541022177728e-01 3.446886867002654231e-01 2.959657316001632066e-01 5.726572510846830166e-01 3.050335570337160407e-01 3.754383122071505152e-01 2.340865335719761464e-01 5.617562335587675815e-01 2.249083014732196628e-01 4.708790518957729487e-01 4.590993033237751320e-01 3.210933701122585249e-01 2.665083186845589314e-01 7.034343061088402793e-01 2.424990593768636682e-01 3.391174414917303426e-01 3.318744910876514354e-01 3.407465436641688439e-01 5.003587239012265986e-01 4.766362099740322766e-01 2.604570857380036908e-01
4.456985684649963364e-01 2.719850545793518481e-01 3.138666669156605638e-01 2.855437541022177728e-01 3.465161231917214812e-01 2.959657316001632066e-01 5.726572510846830166e-01 3.050335570337160407e-01 3.768847329834752458e-01 2.340865335719761464e-01 5.617562335587675815e-01 2.249083014732196628e-01 4.708790518957729487e-01 4.590993033237751320e-01 3.210933701122585249e-01 2.665083186845589314e-01 7.034343061088402793e-01 2.426592134865028783e-01 3.391174414917303426e-01 3.356677912040459399e-01 3.407465436641688439e-01 5.050616100231161143e-01 4.775426035130720948e-01 2.630605263014565431e-01
4.456985684649963364e-01 2.728296399056238108e-01 3.138666669156605638e-01 2.855437541022177728e-01 3.465773386410258561e-01 2.959657316001632066e-01 5.762148403323603674e-01 3.064773338870078745e-01 3.780026039262219806e-01 2.340865335719761464e-01 5.617562335587675815e-01 2.249083014732196628e-01 4.708790518957729487e-01 4.590993033237751320e-01 3.210933701122585249e-01 2.665083186845589314e-01 7.034343061088402793e-01 2.426592134865028783e-01 3.391174414917303426e-01 3.400567064371227133e-01 3.407465436641688439e-01 5.061309787604665322e-01 4.775426035130720948e-01 2.630605263014565431e-01
4.456985684649963364e-01 2.732924106440443590e-01 3.138666669156605638e-01 2.879889251778448012e-01 3.539158667552868565e-01 2.985825016546020394e-01 5.762148403323603674e-01 3.064773338870078745e-01 3.780026039262219806e-01 2.340865335719761464e-01 5.617562335587675815e-01 2.267489111425894932e-01 4.708790518957729487e-01 4.611775147996758917e-01 3.210933701122585249e-01 2.668844679550250731e-01 7.034343061088402793e-01 2.475081906596822701e-01 3.391174414917303426e-01 3.413259689054227719e-01 3.407465436641688439e-01 5.061309787604665322e-01 4.798725980307749772e-01 2.630605263014565431e-01
4.483487236883535454e-01 2.745277572827078960e-01 3.138666669156605638e-01 2.879889251778448012e-01 3.539158667552868565e-01 2.985825016546020394e-01 5.762148403323603674e-01 3.064773338870078745e-01 3.805593183221301357e-01 2.340865335719761464e-01 5.617562335587675815e-01 2.267489111425894932e-01 4.757403931879906622e-01 4.611775147996758917e-01 3.222181939653678828e-01 2.702238685043852895e-01 7.074663934373776053e-01 2.475081906596822701e-01 3.391174414917303426e-01 3.417232416733188560e-01 3.407465436641688439e-01 5.154563663757419922e-01 4.798725980307749772e-01 2.630605263014565431e-01
4.483487236883535454e-01 2.745277572827078960e-01 3.156125357520667141e-01 2.879889251778448012e-01 3.539158667552868565e-01 3.005024831649015238e-01 5.762148403323603674e-01 3.064773338870078745e-01 3.805593183221301357e-01 2.340865335719761464e-01 5.617562335587675815e-01 2.282132860775567818e-01 4.809249516805591540e-01 4.611775147996758917e-01 3.222181939653678828e-01 2.702238685043852895e-01 7.088573369932333890e-01 2.481096990789526391e-01 3.391174414917303426e-01 3.417232416733188560e-01 3.409904872181179214e-01 5.167026076426060044e-01 4.798725980307749772e-01 2.631556278426144257e-01
4.483487236883535454e-01 2.745277572827078960e-01 3.156125357520667141e-01 2.879889251778448012e-01 3.561017913766785226e-01 3.005024831649015238e-01 5.762148403323603674e-01 3.084800912539449880e-01 3.805593183221301357e-01 2.340865335719761464e-01 5.619324782640500171e-01 2.301712051931945890e-01 4.809249516805591540e-01 4.611775147996758917e-01 3.222181939653678828e-01 2.715028373307956100e-01 7.099842570055110436e-01 2.481096990789526391e-01 3.391238692360225571e-01 3.417232416733188560e-01 3.409904872181179214e-01 5.167026076426060044e-01 4.798725980307749772e-01 2.655357041750554536e-01
4.483487236883535454e-01 2.745277572827078960e-01 3.224498765953094370e-01 2.906245150980124037e-01 3.561017913766785226e-01 3.005024831649015238e-01 5.763962979526482400e-01 3.084800912539449880e-01 3.850626701016379716e-01 2.340865335719761464e-01 5.619324782640500171e-01 2.340579927063469734e-01 4.809249516805591540e-01 4.613021793877729593e-01 3.222181939653678828e-01 2.715028373307956100e-01 7.099842570055110436e-01 2.481096990789526391e-01 3.391238692360225571e-01 3.434988060021524348e-01 3.431847166354049516e-01 5.167026076426060044e-01 4.798725980307749772e-01 2.702782935798793140e-01
4.483487236883535454e-01 2.745277572827078960e-01 3.224498765953094370e-01 2.920235460473095124e-01 3.561017913766785226e-01 3.007483591626486374e-01 5.763962979526482400e-01 3.084800912539449880e-01 3.850626701016379716e-01 2.352891416011146930e-01 5.619324782640500171e-01 2.340579927063469734e-01 4.809249516805591540e-01 4.613021793877729593e-01 3.222181939653678828e-01 2.733400687808020812e-01 7.099842570055110436e-01 2.481096990789526391e-01 3.407640431325135166e-01 3.434988060021524348e-01 3.431847166354049516e-01 5.198734271543831165e-01 4.798725980307749772e-01 2.702782935798793140e-01
4.483487236883535454e-01 2.745277572827078960e-01 3.224498765953094370e-01 2.920235460473095124e-01 3.579038870321851751e-01 3.007483591626486374e-01 5.763962979526482400e-01 3.084800912539449880e-01 3.850626701016379716e-01 2.359375236817766730e-01 5.619324782640500171e-01 2.340579927063469734e-01 4.809249516805591540e-01 4.613021793877729593e-01 3.222181939653678828e-01 2.733400687808020812e-01 7.099842570055110436e-01 2.483332558064521856e-01 3.432758398268163091e-01 3.434988060021524348e-01 3.431847166354049516e-01 5.198734271543831165e-01 4.805185817798891534e-01 2.702782935798793140e-01
4.483487236883535454e-01 2.797062916112756925e-01 3.255955167584332899e-01 2.939054185565543875e-01 3.579038870321851751e-01 3.007483591626486374e-01 5.763962979526482400e-01 3.084800912539449880e-01 3.850626701016379716e-01 2.359375236817766730e-01 5.619324782640500171e-01 2.340579927063469734e-01 4.860352666144431288e-01 4.613021793877729593e-01 3.222181939653678828e-01 2.733400687808020812e-01 7.099842570055110436e-01 2.483332558064521856e-01 3.473490319519498826e-01 3.434988060021524348e-01 3.431847166354049516e-01 5.213197972391390156e-01 4.851349521115366770e-01 2.702782935798793140e-01
4.483487236883535454e-01 2.797062916112756925e-01 3.255955167584332899e-01 2.939054185565543875e-01 3.588328687540118800e-01 3.007483591626486374e-01 5.767833474692680706e-01 3.084800912539449880e-01 3.850626701016379716e-01 2.359375236817766730e-01 5.623626345983919750e-01 2.340579927063469734e-01 4.860352666144431288e-01 4.613021793877729593e-01 3.222181939653678828e-01 2.739157626126925704e-01 7.099842570055110436e-01 2.528687684979189498e-01 3.473490319519498826e-01 3.434988060021524348e-01 3.431847166354049516e-01 5.215008821843755138e-01 4.851349521115366770e-01 2.702782935798793140e-01
4.483487236883535454e-01 2.797062916112756925e-01 3.266510559344339981e-01 2.939865477295167118e-01 3.588328687540118800e-01 3.013509501101790944e-01 5.767833474692680706e-01 3.084800912539449880e-01 3.850626701016379716e-01 2.359375236817766730e-01 5.623626345983919750e-01 2.340579927063469734e-01 4.860352666144431288e-01 4.642121449110844233e-01 3.222181939653678828e-01 2.739157626126925704e-01 7.099842570055110436e-01 2.551762996943530704e-01 3.479495743787960893e-01 3.444024753408111428e-01 3.431847166354049516e-01 5.215008821843755138e-01 4.851349521115366770e-01 2.702782935798793140e-01
4.483487236883535454e-01 2.797062916112756925e-01 3.266510559344339981e-01 2.942896735696925448e-01 3.588328687540118800e-01 3.013509501101790944e-01 5.767833474692680706e-01 3.084800912539449880e-01 3.850626701016379716e-01 2.359375236817766730e-01 5.640173167826962874e-01 2.341107435461489139e-01 4.860352666144431288e-01 4.642121449110844233e-01 3.222181939653678828e-01 2.739157626126925704e-01 7.099842570055110436e-01 2.551762996943530704e-01 3.499743390852643188e-01 3.444024753408111428e-01 3.431847166354049516e-01 5.215008821843755138e-01 4.894958163171236332e-01 2.728755762495678194e-01
4.483487236883535454e-01 2.797062916112756925e-01 3.269252137962664340e-01 2.942896735696925448e-01 3.588328687540118800e-01 3.013509501101790944e-01 5.767833474692680706e-01 3.084800912539449880e-01 3.860646666282783190e-01 2.359375236817766730e-01 5.640694912098354052e-01 2.341107435461489139e-01 4.860352666144431288e-01 4.642121449110844233e-01 3.222181939653678828e-01 2.739157626126925704e-01 7.099842570055110436e-01 2.551762996943530704e-01 3.505717328624119999e-01 3.494194207121275597e-01 3.431847166354049516e-01 5.215008821843755138e-01 4.894958163171236332e-01 2.762117505694648423e-01
4.483487236883535454e-01 2.797062916112756925e-01 3.273675042348378472e-01 2.952492666489776041e-01 3.588328687540118800e-01 3.013509501101790944e-01 5.767833474692680706e-01 3.084800912539449880e-01 3.860646666282783190e-01 2.374691184664430577e-01 5.640694912098354052e-01 2.341107435461489139e-01 4.860352666144431288e-01 4.642121449110844233e-01 3.222181939653678828e-01 2.748385497126013544e-01 7.099842570055110436e-01 2.589496803306877704e-01 3.505717328624119999e-01 3.494194207121275597e-01 3.431847166354049516e-01 5.215008821843755138e-01 4.894958163171236332e-01 2.819994483007519648e-01
4.483487236883535454e-01 2.798970406946101885e-01 3.273675042348378472e-01 2.952492666489776041e-01 3.588328687540118800e-01 3.042489926538110012e-01 5.767833474692680706e-01 3.084800912539449880e-01 3.860646666282783190e-01 2.374691184664430577e-01 5.640694912098354052e-01 2.341107435461489139e-01 4.860352666144431288e-01 4.642121449110844233e-01 3.222181939653678828e-01 2.748385497126013544e-01 7.099842570055110436e-01 2.589496803306877704e-01 3.505717328624119999e-01 3.498355991551748700e-01 3.464590893834700869e-01 5.227078444723884942e-01 4.894958163171236332e-01 2.820409955847882344e-01
4.490642570590388516e-01 2.798970406946101885e-01 3.277321582076450635e-01 2.952492666489776041e-01 3.588328687540118800e-01 3.042489926538110012e-01 5.767833474692680706e-01 3.084800912539449880e-01 3.862370602491240756e-01 2.374691184664430577e-01 5.640694912098354052e-01 2.341107435461489139e-01 4.860352666144431288e-01 4.642121449110844233e-01 3.222181939653678828e-01 2.769375636070029456e-01 7.099842570055110436e-01 2.624502307587146532e-01 3.505717328624119999e-01 3.498355991551748700e-01 3.464590893834700869e-01 5.227078444723884942e-01 4.903747472452978373e-01 2.820409955847882344e-01
4.490642570590388516e-01 2.798970406946101885e-01 3.277321582076450635e-01 2.952492666489776041e-01 3.591062625398940278e-01 3.042489926538110012e-01 5.767833474692680706e-01 3.084800912539449880e-01 3.862370602491240756e-01 2.374691184664430577e-01 5.640694912098354052e-01 2.341107435461489139e-01 4.860352666144431288e-01 4.642121449110844233e-01 3.222181939653678828e-01 2.769375636070029456e-01 7.099842570055110436e-01 2.624502307587146532e-01 3.533432607395881053e-01 3.498355991551748700e-01 3.464590893834700869e-01 5.228231557820628428e-01 4.923961438157391513e-01 2.820409955847882344e-01
4.490642570590388516e-01 2.801685634261446012e-01 3.280037737225290906e-01 2.952492666489776041e-01 3.632008451793602433e-01 3.065622386040088854e-01 5.767833474692680706e-01 3.084800912539449880e-01 3.862370602491240756e-01 2.374691184664430577e-01 5.640694912098354052e-01 2.341107435461489139e-01 4.860352666144431288e-01 4.650822707823880631e-01 3.222355316757639088e-01 2.769375636070029456e-01 7.099842570055110436e-01 2.624502307587146532e-01 3.541908164703340134e-01 3.498355991551748700e-01 3.464590893834700869e-01 5.228231557820628428e-01 4.923961438157391513e-01 2.820409955847882344e-01
4.490642570590388516e-01 2.816552926941415791e-01 3.280037737225290906e-01 2.952492666489776041e-01 3.632008451793602433e-01 3.103017148371896572e-01 5.767833474692680706e-01 3.084800912539449880e-01 3.862370602491240756e-01 2.386257634069341993e-01 5.640694912098354052e-01 2.341107435461489139e-01 4.860352666144431288e-01 4.650822707823880631e-01 3.222355316757639088e-01 2.769375636070029456e-01 7.106692461959984719e-01 2.624502307587146532e-01 3.541908164703340134e-01 3.498355991551748700e-01 3.464590893834700869e-01 5.239765636580453467e-01 4.935630982046479431e-01 2.820409955847882344e-01
4.517778557235487824e-01 2.827021427080911309e-01 3.287596236324422661e-01 2.979373088847361295e-01 3.632008451793602433e-01 3.103017148371896572e-01 5.767833474692680706e-01 3.089861788168377643e-01 3.862370602491240756e-01 2.386257634069341993e-01 5.640694912098354052e-01 2.341107435461489139e-01 4.860352666144431288e-01 4.650822707823880631e-01 3.257216661894004606e-01 2.782062320005013190e-01 7.106692461959984719e-01 2.624502307587146532e-01 3.541908164703340134e-01 3.498355991551748700e-01 3.464590893834700869e-01 5.239765636580453467e-01 4.935630982046479431e-01 2.820409955847882344e-01
4.517778557235487824e-01 2.827021427080911309e-01 3.287596236324422661e-01 2.979373088847361295e-01 3.632008451793602433e-01 3.103017148371896572e-01 5.767833474692680706e-01 3.089861788168377643e-01 3.862370602491240756e-01 2.386257634069341993e-01 5.640694912098354052e-01 2.341107435461489139e-01 4.860352666144431288e-01 4.650822707823880631e-01 3.257216661894004606e-01 2.782062320005013190e-01 7.106692461959984719e-01 2.624502307587146532e-01 3.541908164703340134e-01 3.498355991551748700e-01 3.464590893834700869e-01 5.239765636580453467e-01 4.935630982046479431e-01 2.820409955847882344e-01
