0.000000000000000000e+00 0.000000000000000000e+00 0.000000000000000000e+00 0.000000000000000000e+00 0.000000000000000000e+00 0.000000000000000000e+00 0.000000000000000000e+00 0.000000000000000000e+00 0.000000000000000000e+00 0.000000000000000000e+00 0.000000000000000000e+00 0.000000000000000000e+00 0.000000000000000000e+00 0.000000000000000000e+00 0.000000000000000000e+00 0.000000000000000000e+00
1.640099443401688006e-02 0.000000000000000000e+00 1.503923480252478129e-02 2.442542251971602241e-02 3.333986488120999070e-02 0.000000000000000000e+00 7.695481563406936232e-03 0.000000000000000000e+00 7.245927775885618871e-03 2.125100251149181219e-02 2.405117274411772144e-02 0.000000000000000000e+00 3.015967390579898932e-02 3.289096600792529301e-02 2.550858507558650956e-03 3.369640107803473228e-02
1.640099443401688006e-02 5.808330759201957988e-02 1.010771057634633208e-01 2.442542251971602241e-02 3.333986488120999070e-02 2.929885559178677101e-02 1.531937461770844777e-01 9.044793936330641770e-02 2.299606444004759220e-02 1.550745859226350942e-01 5.520013061779224794e-02 5.770007570623507387e-02 7.352414758565993524e-02 5.537777313117717148e-02 7.726964698415532407e-02 3.369640107803473228e-02
7.771237742088100975e-02 5.808330759201957988e-02 1.119158179013305110e-01 2.667715598334922944e-02 3.333986488120999070e-02 2.929885559178677101e-02 1.701343943919722546e-01 1.198402545500552863e-01 5.434481977489823146e-02 1.550745859226350942e-01 5.520013061779224794e-02 5.770007570623507387e-02 7.352414758565993524e-02 9.763553918448947266e-02 8.682557342996435890e-02 4.969120526266394833e-02
7.771237742088100975e-02 7.891900554090441888e-02 1.575611457467169796e-01 6.960240877012680016e-02 6.508003635605541515e-02 6.671733656781020372e-02 1.701343943919722546e-01 1.440799901999794685e-01 5.434481977489823146e-02 1.697382410179102408e-01 5.520013061779224794e-02 7.391282547547817217e-02 7.352414758565993524e-02 1.251110588420605296e-01 1.458017480789309817e-01 4.969120526266394833e-02
8.557592591844864760e-02 1.354678663497537461e-01 1.718973739310278859e-01 9.057458012811689385e-02 8.462566881410471531e-02 9.788351779280474174e-02 2.161838593375683404e-01 1.440799901999794685e-01 6.014552006943052476e-02 2.177900294616170740e-01 5.520013061779224794e-02 1.068587272718630743e-01 7.352414758565993524e-02 1.364110660447322987e-01 1.458017480789309817e-01 5.999450986449465784e-02
8.557592591844864760e-02 1.457026413142266108e-01 1.796705713316508746e-01 9.057458012811689385e-02 8.549707728414346342e-02 9.788351779280474174e-02 2.178547309834876489e-01 1.440799901999794685e-01 6.014552006943052476e-02 2.177900294616170740e-01 5.520013061779224794e-02 1.077596098576347472e-01 7.352414758565993524e-02 1.364110660447322987e-01 1.470188425038507773e-01 6.001913104312978087e-02
1.056868033807290830e-01 1.823477478659594475e-01 2.258433499685761348e-01 9.598171325791537978e-02 8.549707728414346342e-02 9.891339216442229798e-02 2.178547309834876489e-01 1.440799901999794685e-01 6.014552006943052476e-02 2.177900294616170740e-01 8.171311263842540029e-02 1.176054297084727085e-01 7.352414758565993524e-02 1.519949532470927234e-01 1.983235647815600744e-01 8.680236509059638395e-02
1.056868033807290830e-01 1.826145761986679161e-01 2.409682778824059346e-01 9.603474254247897079e-02 9.070538894346436010e-02 9.956149055562382721e-02 2.178547309834876489e-01 1.511329381985586362e-01 6.014552006943052476e-02 2.177900294616170740e-01 1.080186447738129829e-01 1.256070336163420675e-01 8.064199102852682988e-02 1.693263681541014032e-01 1.983235647815600744e-01 8.680236509059638395e-02
1.076500340849377013e-01 1.854443685002757358e-01 2.451353670205481949e-01 9.603474254247897079e-02 9.070538894346436010e-02 9.956149055562382721e-02 2.178547309834876489e-01 1.513367447177514924e-01 6.014552006943052476e-02 2.208493396934270159e-01 1.083323472806058257e-01 1.256070336163420675e-01 8.064199102852682988e-02 1.693263681541014032e-01 1.983235647815600744e-01 8.714641427280156449e-02
1.076500340849377013e-01 1.916873589737819739e-01 2.496507147248463454e-01 9.603474254247897079e-02 9.447557396130079610e-02 1.006361323380744466e-01 2.178547309834876489e-01 1.513367447177514924e-01 6.569433035657468167e-02 2.208493396934270159e-01 1.083323472806058257e-01 1.336255200070229354e-01 8.064199102852682988e-02 1.786961577734338391e-01 1.983235647815600744e-01 9.255913190274725477e-02
1.162459406088965641e-01 1.916873589737819739e-01 2.519274990950731152e-01 9.603474254247897079e-02 9.999106524428721943e-02 1.101129042822672210e-01 2.252760584413632527e-01 1.513367447177514924e-01 7.421327742874353484e-02 2.221403613686664669e-01 1.114499119370104124e-01 1.336255200070229354e-01 8.064199102852682988e-02 1.837124490339895611e-01 2.000657194859601640e-01 9.858373520152803604e-02
1.162459406088965641e-01 1.916873589737819739e-01 2.519274990950731152e-01 9.771970112468753022e-02 1.041807114800472611e-01 1.138486691363547187e-01 2.295403851617043300e-01 1.513367447177514924e-01 8.105054349540667669e-02 2.221403613686664669e-01 1.114499119370104124e-01 1.417456996124460966e-01 8.530277725456993088e-02 1.837124490339895611e-01 2.000657194859601640e-01 9.858373520152803604e-02
1.162459406088965641e-01 1.916873589737819739e-01 2.534686040393542283e-01 9.894134286484237983e-02 1.041807114800472611e-01 1.150812925811235399e-01 2.295403851617043300e-01 1.513367447177514924e-01 8.105054349540667669e-02 2.238527265932821753e-01 1.114499119370104124e-01 1.425059467603699837e-01 8.530277725456993088e-02 1.845804163828796973e-01 2.000657194859601640e-01 9.858373520152803604e-02
1.162459406088965641e-01 1.926401254272198382e-01 2.534686040393542283e-01 1.020452931035938648e-01 1.041807114800472611e-01 1.150812925811235399e-01 2.300857921202248413e-01 1.513367447177514924e-01 8.105054349540667669e-02 2.238527265932821753e-01 1.114499119370104124e-01 1.450348124443781028e-01 8.549789721388267871e-02 1.864414828025147131e-01 2.005685257554293277e-01 9.908492195203982833e-02
1.162459406088965641e-01 1.936308913704764822e-01 2.534686040393542283e-01 1.020452931035938648e-01 1.050585407467465315e-01 1.150812925811235399e-01 2.301661193847052977e-01 1.524498741768331167e-01 8.105054349540667669e-02 2.238527265932821753e-01 1.114499119370104124e-01 1.450348124443781028e-01 8.601158455934973524e-02 1.882268230845525747e-01 2.005685257554293277e-01 9.908492195203982833e-02
1.185210832318487895e-01 1.936308913704764822e-01 2.534686040393542283e-01 1.020452931035938648e-01 1.054290683982395671e-01 1.150812925811235399e-01 2.301661193847052977e-01 1.524498741768331167e-01 8.105054349540667669e-02 2.238527265932821753e-01 1.114499119370104124e-01 1.459858278346928551e-01 8.632169850899133745e-02 1.882268230845525747e-01 2.005685257554293277e-01 9.949939355702296095e-02
1.185210832318487895e-01 1.988967230257934204e-01 2.534686040393542283e-01 1.135883390423537143e-01 1.054290683982395671e-01 1.150812925811235399e-01 2.362684235668929267e-01 1.524498741768331167e-01 8.105054349540667669e-02 2.238527265932821753e-01 1.177599172205854861e-01 1.459858278346928551e-01 9.076713779440805097e-02 1.948681284713310591e-01 2.005685257554293277e-01 1.046192340346152605e-01
1.185210832318487895e-01 1.995347384945696523e-01 2.536017375285894992e-01 1.139065744605196745e-01 1.057173447522560678e-01 1.150812925811235399e-01 2.362684235668929267e-01 1.524498741768331167e-01 8.105054349540667669e-02 2.238527265932821753e-01 1.185973333184039691e-01 1.459858278346928551e-01 9.076713779440805097e-02 1.948681284713310591e-01 2.005685257554293277e-01 1.054605527755330535e-01
1.185210832318487895e-01 1.995347384945696523e-01 2.558643353206377924e-01 1.139549337973021770e-01 1.059010813578296212e-01 1.150812925811235399e-01 2.362684235668929267e-01 1.524498741768331167e-01 8.190979261157618763e-02 2.238527265932821753e-01 1.185973333184039691e-01 1.460165107335564261e-01 9.076713779440805097e-02 1.948681284713310591e-01 2.005685257554293277e-01 1.054605527755330535e-01
1.185210832318487895e-01 1.995347384945696523e-01 2.558643353206377924e-01 1.142837178393720093e-01 1.079830867279968909e-01 1.155687646815638792e-01 2.391207511869823388e-01 1.525163715897149275e-01 8.324781032334271913e-02 2.238527265932821753e-01 1.185973333184039691e-01 1.460165107335564261e-01 9.076713779440805097e-02 1.948681284713310591e-01 2.030347387910632073e-01 1.054605527755330535e-01
1.199525607774987179e-01 2.003971706840777800e-01 2.558832109146932376e-01 1.152955063377757716e-01 1.079830867279968909e-01 1.155687646815638792e-01 2.391207511869823388e-01 1.525163715897149275e-01 8.324781032334271913e-02 2.238527265932821753e-01 1.185973333184039691e-01 1.472056585438281939e-01 9.076713779440805097e-02 1.948681284713310591e-01 2.030347387910632073e-01 1.054605527755330535e-01
1.199525607774987179e-01 2.019406115927324663e-01 2.565705883329373882e-01 1.152955063377757716e-01 1.080257803992724919e-01 1.155687646815638792e-01 2.391207511869823388e-01 1.526552355009427320e-01 8.324781032334271913e-02 2.238527265932821753e-01 1.185973333184039691e-01 1.472056585438281939e-01 9.076713779440805097e-02 1.948681284713310591e-01 2.030347387910632073e-01 1.070612920015537456e-01
1.209175698787038622e-01 2.047214485800162298e-01 2.566737691471991378e-01 1.152955063377757716e-01 1.080257803992724919e-01 1.155687646815638792e-01 2.412954704871026479e-01 1.526552355009427320e-01 8.324781032334271913e-02 2.238527265932821753e-01 1.185973333184039691e-01 1.472047203918092628e-01 9.114871564993275166e-02 1.948681284713310591e-01 2.030347387910632073e-01 1.070612920015537456e-01
1.209175698787038622e-01 2.047214485800162298e-01 2.593767210740842710e-01 1.152955063377757716e-01 1.104019424032665897e-01 1.155687646815638792e-01 2.412954704871026479e-01 1.526552355009427320e-01 8.571204133821241911e-02 2.238527265932821753e-01 1.187184548056441358e-01 1.472047203918092628e-01 9.114871564993275166e-02 1.951180977759160440e-01 2.051006640119799052e-01 1.099852827231647262e-01
1.209175698787038622e-01 2.047214485800162298e-01 2.593767210740842710e-01 1.153784957196123812e-01 1.107343738024647029e-01 1.158766463380207085e-01 2.412992893038199416e-01 1.526552355009427320e-01 8.655227405828885834e-02 2.238527265932821753e-01 1.202453920905206530e-01 1.472047203918092628e-01 9.114871564993275166e-02 1.951180977759160440e-01 2.051006640119799052e-01 1.099852827231647262e-01
1.209175698787038622e-01 2.047214485800162298e-01 2.593767210740842710e-01 1.153784957196123812e-01 1.107343738024647029e-01 1.158766463380207085e-01 2.417697838980978065e-01 1.526552355009427320e-01 8.655227405828885834e-02 2.238527265932821753e-01 1.202453920905206530e-01 1.474514322378155384e-01 9.114871564993275166e-02 1.969743621213950746e-01 2.051006640119799052e-01 1.099852827231647262e-01
1.209175698787038622e-01 2.047214485800162298e-01 2.593767210740842710e-01 1.153784957196123812e-01 1.107343738024647029e-01 1.158766463380207085e-01 2.417697838980978065e-01 1.526552355009427320e-01 8.655227405828885834e-02 2.238527265932821753e-01 1.205524027353060690e-01 1.482545934690051581e-01 9.141684364877233904e-02 1.977390517239001611e-01 2.051006640119799052e-01 1.102723707762527094e-01
1.209175698787038622e-01 2.047214485800162298e-01 2.600553382811797154e-01 1.153784957196123812e-01 1.107343738024647029e-01 1.158766463380207085e-01 2.417722392028325840e-01 1.529008256712987568e-01 8.655227405828885834e-02 2.248247064743935653e-01 1.205524027353060690e-01 1.504107544180218747e-01 9.141684364877233904e-02 1.977390517239001611e-01 2.058920474233898457e-01 1.102723707762527094e-01
1.209175698787038622e-01 2.047359980756340292e-01 2.600553382811797154e-01 1.158320390481161477e-01 1.116974065953453554e-01 1.158766463380207085e-01 2.417722392028325840e-01 1.529008256712987568e-01 8.655227405828885834e-02 2.248247064743935653e-01 1.217538956689008522e-01 1.517077163278909013e-01 9.141684364877233904e-02 1.977390517239001611e-01 2.058920474233898457e-01 1.102723707762527094e-01
1.209175698787038622e-01 2.047359980756340292e-01 2.600553382811797154e-01 1.163500835769254449e-01 1.116974065953453554e-01 1.158766463380207085e-01 2.439542883854750877e-01 1.529008256712987568e-01 8.655227405828885834e-02 2.248247064743935653e-01 1.217538956689008522e-01 1.530631552753192182e-01 9.141684364877233904e-02 1.977390517239001611e-01 2.058920474233898457e-01 1.102723707762527094e-01
1.213795366527818942e-01 2.049336765321778664e-01 2.600553382811797154e-01 1.163500835769254449e-01 1.126357070349832123e-01 1.158766463380207085e-01 2.459515455971491571e-01 1.529008256712987568e-01 8.655227405828885834e-02 2.248247064743935653e-01 1.217538956689008522e-01 1.532143626168954720e-01 9.141684364877233904e-02 1.991124161333366338e-01 2.058920474233898457e-01 1.102723707762527094e-01
1.213795366527818942e-01 2.049336765321778664e-01 2.600553382811797154e-01 1.163500835769254449e-01 1.126357070349832123e-01 1.162958781655731855e-01 2.459515455971491571e-01 1.529008256712987568e-01 8.655227405828885834e-02 2.248247064743935653e-01 1.217538956689008522e-01 1.532143626168954720e-01 9.141684364877233904e-02 1.991124161333366338e-01 2.058920474233898457e-01 1.102723707762527094e-01
