0.000000000000000000e+00 0.000000000000000000e+00 0.000000000000000000e+00 0.000000000000000000e+00 0.000000000000000000e+00 0.000000000000000000e+00 0.000000000000000000e+00 0.000000000000000000e+00
1.397350380762230060e-02 7.711353873305348827e-04 0.000000000000000000e+00 4.895024206614806417e-04 5.244378523183712559e-05 1.407090405505195818e-02 0.000000000000000000e+00 2.362894673022530867e-04
2.190719855408010952e-01 8.547593512658202553e-02 1.464424283910689406e-01 8.264305290415674410e-02 1.657706010051007151e-01 1.407090405505195818e-02 0.000000000000000000e+00 2.296635969566589996e-01
2.190719855408010952e-01 8.689677027958486732e-02 1.464424283910689406e-01 8.264305290415674410e-02 1.657706010051007151e-01 1.407090405505195818e-02 0.000000000000000000e+00 2.309902310649777080e-01
2.230641453912131089e-01 8.689677027958486732e-02 1.464424283910689406e-01 8.577739685108079493e-02 1.982711909673451345e-01 1.407090405505195818e-02 3.330153634612642577e-02 2.309902310649777080e-01
2.230641453912131089e-01 1.508206433952814507e-01 1.464424283910689406e-01 1.482593932046778751e-01 1.982711909673451345e-01 1.637959891899720688e-02 9.924277372843393064e-02 2.960257105270009959e-01
2.251178314126356383e-01 1.588862229577152618e-01 1.470200779302786032e-01 1.482593932046778751e-01 1.982711909673451345e-01 1.637959891899720688e-02 9.924277372843393064e-02 2.970188047676813881e-01
2.348376783627356690e-01 1.588862229577152618e-01 1.470200779302786032e-01 1.482593932046778751e-01 2.155673619071305502e-01 1.841122203948769576e-02 1.084356931427496173e-01 3.065755284918014745e-01
2.466581425090456914e-01 1.588862229577152618e-01 1.470200779302786032e-01 1.496533407875020316e-01 2.274566643270728716e-01 3.025257483750006318e-02 1.084356931427496173e-01 3.065755284918014745e-01
2.575332518720078179e-01 1.588862229577152618e-01 1.470200779302786032e-01 1.592975316365325966e-01 2.374304061569689206e-01 3.025257483750006318e-02 1.084356931427496173e-01 3.065755284918014745e-01
2.586043966832966001e-01 1.614571014018990058e-01 1.474905556921015659e-01 1.592975316365325966e-01 2.374304061569689206e-01 3.025257483750006318e-02 1.084356931427496173e-01 3.065755284918014745e-01
2.586043966832966001e-01 1.614571014018990058e-01 1.483651732757493846e-01 1.592975316365325966e-01 2.398637800773090745e-01 3.025257483750006318e-02 1.084356931427496173e-01 3.065755284918014745e-01
2.586043966832966001e-01 1.614571014018990058e-01 1.483651732757493846e-01 1.592975316365325966e-01 2.398637800773090745e-01 3.025257483750006318e-02 1.084492975157795858e-01 3.079154921720075322e-01
2.593938737250454096e-01 1.614571014018990058e-01 1.483651732757493846e-01 1.596105719235589859e-01 2.398637800773090745e-01 3.025257483750006318e-02 1.084492975157795858e-01 3.087177124106856851e-01
2.603388645909184285e-01 1.614571014018990058e-01 1.483651732757493846e-01 1.596750975054639921e-01 2.398637800773090745e-01 3.025257483750006318e-02 1.084492975157795858e-01 3.103102321375594275e-01
2.603388645909184285e-01 1.614571014018990058e-01 1.496605038319539505e-01 1.609134485198708830e-01 2.398637800773090745e-01 3.025257483750006318e-02 1.084492975157795858e-01 3.113509699900305350e-01
2.618103206898173552e-01 1.614571014018990058e-01 1.496605038319539505e-01 1.609134485198708830e-01 2.398637800773090745e-01 3.025257483750006318e-02 1.084492975157795858e-01 3.113509699900305350e-01
