0.000000000000000000e+00
2.350854736361290165e+00
2.350854736361290165e+00
2.350854736361290165e+00
2.350854736361290165e+00
2.350854736361290165e+00
2.350854736361290165e+00
2.350854736361290165e+00
2.350854736361290165e+00
2.350854736361290165e+00
2.350854736361290165e+00
2.350854736361290165e+00
2.350854736361290165e+00
2.350854736361290165e+00
2.350854736361290165e+00
2.350854736361290165e+00
2.350854736361290165e+00
2.350854736361290165e+00
2.350854736361290165e+00
2.350854736361290165e+00
2.350854736361290165e+00
2.350854736361290165e+00
2.350854736361290165e+00
2.350854736361290165e+00
2.350854736361290165e+00
2.350854736361290165e+00
2.350854736361290165e+00
2.350854736361290165e+00
2.350854736361290165e+00
2.350854736361290165e+00
2.350854736361290165e+00
2.350854736361290165e+00
2.350854736361290165e+00
