0.000000000000000000e+00
2.548196809535115293e+00
2.548196809535115293e+00
2.548196809535115293e+00
2.548196809535115293e+00
2.548196809535115293e+00
2.548196809535115293e+00
2.548196809535115293e+00
2.548196809535115293e+00
2.548196809535115293e+00
2.548196809535115293e+00
2.548196809535115293e+00
2.548196809535115293e+00
2.548196809535115293e+00
2.548196809535115293e+00
2.548196809535115293e+00
2.548196809535115293e+00
2.548196809535115293e+00
2.548196809535115293e+00
2.548196809535115293e+00
2.548196809535115293e+00
2.548196809535115293e+00
2.548196809535115293e+00
2.548196809535115293e+00
2.548196809535115293e+00
2.548196809535115293e+00
2.548196809535115293e+00
2.548196809535115293e+00
2.548196809535115293e+00
2.548196809535115293e+00
2.548196809535115293e+00
2.548196809535115293e+00
2.548196809535115293e+00
2.548196809535115293e+00
2.548196809535115293e+00
2.548196809535115293e+00
2.548196809535115293e+00
2.548196809535115293e+00
2.548196809535115293e+00
2.548196809535115293e+00
2.548196809535115293e+00
2.548196809535115293e+00
2.548196809535115293e+00
2.548196809535115293e+00
2.548196809535115293e+00
2.548196809535115293e+00
2.548196809535115293e+00
2.548196809535115293e+00
2.548196809535115293e+00
