0.000000000000000000e+00
2.360272730184531653e+00
2.360272730184531653e+00
2.360272730184531653e+00
2.360272730184531653e+00
2.360272730184531653e+00
2.360272730184531653e+00
2.360272730184531653e+00
2.360272730184531653e+00
2.360272730184531653e+00
2.360272730184531653e+00
2.360272730184531653e+00
2.360272730184531653e+00
2.360272730184531653e+00
2.360272730184531653e+00
2.360272730184531653e+00
2.360272730184531653e+00
2.360272730184531653e+00
2.360272730184531653e+00
2.360272730184531653e+00
2.360272730184531653e+00
2.360272730184531653e+00
2.360272730184531653e+00
2.360272730184531653e+00
2.360272730184531653e+00
2.360272730184531653e+00
2.360272730184531653e+00
2.360272730184531653e+00
2.360272730184531653e+00
2.360272730184531653e+00
2.360272730184531653e+00
2.360272730184531653e+00
2.360272730184531653e+00
