0.000000000000000000e+00
3.023165008203930970e+00
3.023165008203930970e+00
3.023165008203930970e+00
3.023165008203930970e+00
3.023165008203930970e+00
3.023165008203930970e+00
3.023165008203930970e+00
3.023165008203930970e+00
3.023165008203930970e+00
3.023165008203930970e+00
3.023165008203930970e+00
3.023165008203930970e+00
3.023165008203930970e+00
3.023165008203930970e+00
3.023165008203930970e+00
3.023165008203930970e+00
3.023165008203930970e+00
3.023165008203930970e+00
3.023165008203930970e+00
3.023165008203930970e+00
3.023165008203930970e+00
3.023165008203930970e+00
3.023165008203930970e+00
3.023165008203930970e+00
3.023165008203930970e+00
3.023165008203930970e+00
3.023165008203930970e+00
3.023165008203930970e+00
3.023165008203930970e+00
3.023165008203930970e+00
3.023165008203930970e+00
3.023165008203930970e+00
3.023165008203930970e+00
3.023165008203930970e+00
3.023165008203930970e+00
3.023165008203930970e+00
3.023165008203930970e+00
3.023165008203930970e+00
3.023165008203930970e+00
3.023165008203930970e+00
3.023165008203930970e+00
3.023165008203930970e+00
3.023165008203930970e+00
3.023165008203930970e+00
3.023165008203930970e+00
3.023165008203930970e+00
3.023165008203930970e+00
3.023165008203930970e+00
3.023165008203930970e+00
3.023165008203930970e+00
3.023165008203930970e+00
3.023165008203930970e+00
3.023165008203930970e+00
3.023165008203930970e+00
3.023165008203930970e+00
3.023165008203930970e+00
3.023165008203930970e+00
3.023165008203930970e+00
3.023165008203930970e+00
3.023165008203930970e+00
3.023165008203930970e+00
3.023165008203930970e+00
3.023165008203930970e+00
3.023165008203930970e+00
3.023165008203930970e+00
3.023165008203930970e+00
3.023165008203930970e+00
3.023165008203930970e+00
3.023165008203930970e+00
3.023165008203930970e+00
3.023165008203930970e+00
3.023165008203930970e+00
3.023165008203930970e+00
3.023165008203930970e+00
3.023165008203930970e+00
3.023165008203930970e+00
3.023165008203930970e+00
3.023165008203930970e+00
3.023165008203930970e+00
3.023165008203930970e+00
3.023165008203930970e+00
3.023165008203930970e+00
3.023165008203930970e+00
3.023165008203930970e+00
3.023165008203930970e+00
3.023165008203930970e+00
3.023165008203930970e+00
3.023165008203930970e+00
3.023165008203930970e+00
3.023165008203930970e+00
3.023165008203930970e+00
3.023165008203930970e+00
3.023165008203930970e+00
3.023165008203930970e+00
3.023165008203930970e+00
3.023165008203930970e+00
