0.000000000000000000e+00
2.697627422098400896e+00
2.697627422098400896e+00
2.697627422098400896e+00
2.697627422098400896e+00
2.697627422098400896e+00
2.697627422098400896e+00
2.697627422098400896e+00
2.697627422098400896e+00
2.697627422098400896e+00
2.697627422098400896e+00
2.697627422098400896e+00
2.697627422098400896e+00
2.697627422098400896e+00
2.697627422098400896e+00
2.697627422098400896e+00
2.697627422098400896e+00
2.697627422098400896e+00
2.697627422098400896e+00
2.697627422098400896e+00
2.697627422098400896e+00
2.697627422098400896e+00
2.697627422098400896e+00
2.697627422098400896e+00
2.697627422098400896e+00
2.697627422098400896e+00
2.697627422098400896e+00
2.697627422098400896e+00
2.697627422098400896e+00
2.697627422098400896e+00
2.697627422098400896e+00
2.697627422098400896e+00
2.697627422098400896e+00
2.697627422098400896e+00
2.697627422098400896e+00
2.697627422098400896e+00
2.697627422098400896e+00
2.697627422098400896e+00
2.697627422098400896e+00
2.697627422098400896e+00
2.697627422098400896e+00
2.697627422098400896e+00
2.697627422098400896e+00
2.697627422098400896e+00
2.697627422098400896e+00
2.697627422098400896e+00
2.697627422098400896e+00
2.697627422098400896e+00
2.697627422098400896e+00
2.697627422098400896e+00
2.697627422098400896e+00
2.697627422098400896e+00
2.697627422098400896e+00
2.697627422098400896e+00
2.697627422098400896e+00
2.697627422098400896e+00
2.697627422098400896e+00
2.697627422098400896e+00
2.697627422098400896e+00
2.697627422098400896e+00
2.697627422098400896e+00
2.697627422098400896e+00
2.697627422098400896e+00
2.697627422098400896e+00
2.697627422098400896e+00
