0.000000000000000000e+00
2.660954882384328091e+00
2.660954882384328091e+00
2.660954882384328091e+00
2.660954882384328091e+00
2.660954882384328091e+00
2.660954882384328091e+00
2.660954882384328091e+00
2.660954882384328091e+00
2.660954882384328091e+00
2.660954882384328091e+00
2.660954882384328091e+00
2.660954882384328091e+00
2.660954882384328091e+00
2.660954882384328091e+00
2.660954882384328091e+00
2.660954882384328091e+00
2.660954882384328091e+00
2.660954882384328091e+00
2.660954882384328091e+00
2.660954882384328091e+00
2.660954882384328091e+00
2.660954882384328091e+00
2.660954882384328091e+00
2.660954882384328091e+00
2.660954882384328091e+00
2.660954882384328091e+00
2.660954882384328091e+00
2.660954882384328091e+00
2.660954882384328091e+00
2.660954882384328091e+00
2.660954882384328091e+00
2.660954882384328091e+00
2.660954882384328091e+00
2.660954882384328091e+00
2.660954882384328091e+00
2.660954882384328091e+00
2.660954882384328091e+00
2.660954882384328091e+00
2.660954882384328091e+00
2.660954882384328091e+00
2.660954882384328091e+00
2.660954882384328091e+00
2.660954882384328091e+00
2.660954882384328091e+00
2.660954882384328091e+00
2.660954882384328091e+00
2.660954882384328091e+00
2.660954882384328091e+00
