0.000000000000000000e+00
2.905999781635472345e+00
2.905999781635472345e+00
2.905999781635472345e+00
2.905999781635472345e+00
2.905999781635472345e+00
2.905999781635472345e+00
2.905999781635472345e+00
2.905999781635472345e+00
2.905999781635472345e+00
2.905999781635472345e+00
2.905999781635472345e+00
2.905999781635472345e+00
2.905999781635472345e+00
2.905999781635472345e+00
2.905999781635472345e+00
2.905999781635472345e+00
2.905999781635472345e+00
2.905999781635472345e+00
2.905999781635472345e+00
2.905999781635472345e+00
2.905999781635472345e+00
2.905999781635472345e+00
2.905999781635472345e+00
2.905999781635472345e+00
2.905999781635472345e+00
2.905999781635472345e+00
2.905999781635472345e+00
2.905999781635472345e+00
2.905999781635472345e+00
2.905999781635472345e+00
2.905999781635472345e+00
2.905999781635472345e+00
2.905999781635472345e+00
2.905999781635472345e+00
2.905999781635472345e+00
2.905999781635472345e+00
2.905999781635472345e+00
2.905999781635472345e+00
2.905999781635472345e+00
2.905999781635472345e+00
2.905999781635472345e+00
2.905999781635472345e+00
2.905999781635472345e+00
2.905999781635472345e+00
2.905999781635472345e+00
2.905999781635472345e+00
2.905999781635472345e+00
2.905999781635472345e+00
2.905999781635472345e+00
2.905999781635472345e+00
2.905999781635472345e+00
2.905999781635472345e+00
2.905999781635472345e+00
2.905999781635472345e+00
2.905999781635472345e+00
2.905999781635472345e+00
2.905999781635472345e+00
2.905999781635472345e+00
2.905999781635472345e+00
2.905999781635472345e+00
2.905999781635472345e+00
2.905999781635472345e+00
2.905999781635472345e+00
2.905999781635472345e+00
2.905999781635472345e+00
2.905999781635472345e+00
2.905999781635472345e+00
2.905999781635472345e+00
2.905999781635472345e+00
2.905999781635472345e+00
2.905999781635472345e+00
2.905999781635472345e+00
2.905999781635472345e+00
2.905999781635472345e+00
2.905999781635472345e+00
2.905999781635472345e+00
2.905999781635472345e+00
2.905999781635472345e+00
2.905999781635472345e+00
2.905999781635472345e+00
