0.000000000000000000e+00
2.658138037969151934e+00
2.658138037969151934e+00
2.658138037969151934e+00
2.658138037969151934e+00
2.658138037969151934e+00
2.658138037969151934e+00
2.658138037969151934e+00
2.658138037969151934e+00
2.658138037969151934e+00
2.658138037969151934e+00
2.658138037969151934e+00
2.658138037969151934e+00
2.658138037969151934e+00
2.658138037969151934e+00
2.658138037969151934e+00
2.658138037969151934e+00
2.658138037969151934e+00
2.658138037969151934e+00
2.658138037969151934e+00
2.658138037969151934e+00
2.658138037969151934e+00
2.658138037969151934e+00
2.658138037969151934e+00
2.658138037969151934e+00
2.658138037969151934e+00
2.658138037969151934e+00
2.658138037969151934e+00
2.658138037969151934e+00
2.658138037969151934e+00
2.658138037969151934e+00
2.658138037969151934e+00
2.658138037969151934e+00
2.658138037969151934e+00
2.658138037969151934e+00
2.658138037969151934e+00
2.658138037969151934e+00
2.658138037969151934e+00
2.658138037969151934e+00
2.658138037969151934e+00
2.658138037969151934e+00
2.658138037969151934e+00
2.658138037969151934e+00
2.658138037969151934e+00
2.658138037969151934e+00
2.658138037969151934e+00
2.658138037969151934e+00
2.658138037969151934e+00
2.658138037969151934e+00
