0.000000000000000000e+00
2.494753873723731363e+00
2.494753873723731363e+00
2.494753873723731363e+00
2.494753873723731363e+00
2.494753873723731363e+00
2.494753873723731363e+00
2.494753873723731363e+00
2.494753873723731363e+00
2.494753873723731363e+00
2.494753873723731363e+00
2.494753873723731363e+00
2.494753873723731363e+00
2.494753873723731363e+00
2.494753873723731363e+00
2.494753873723731363e+00
2.494753873723731363e+00
2.494753873723731363e+00
2.494753873723731363e+00
2.494753873723731363e+00
2.494753873723731363e+00
2.494753873723731363e+00
2.494753873723731363e+00
2.494753873723731363e+00
2.494753873723731363e+00
2.494753873723731363e+00
2.494753873723731363e+00
2.494753873723731363e+00
2.494753873723731363e+00
2.494753873723731363e+00
2.494753873723731363e+00
2.494753873723731363e+00
2.494753873723731363e+00
