0.000000000000000000e+00
2.597360569728313084e+00
2.665046729674918513e+00
2.665046729674918513e+00
2.665046729674918513e+00
2.665046729674918513e+00
2.665046729674918513e+00
2.665046729674918513e+00
2.665046729674918513e+00
2.665046729674918513e+00
2.665046729674918513e+00
2.665046729674918513e+00
2.665046729674918513e+00
2.665046729674918513e+00
2.665046729674918513e+00
2.665046729674918513e+00
2.665046729674918513e+00
2.665046729674918513e+00
2.665046729674918513e+00
2.665046729674918513e+00
2.665046729674918513e+00
2.665046729674918513e+00
2.665046729674918513e+00
2.665046729674918513e+00
2.665046729674918513e+00
2.665046729674918513e+00
2.665046729674918513e+00
2.665046729674918513e+00
2.665046729674918513e+00
2.665046729674918513e+00
2.665046729674918513e+00
2.665046729674918513e+00
2.665046729674918513e+00
2.665046729674918513e+00
2.665046729674918513e+00
2.665046729674918513e+00
2.665046729674918513e+00
2.665046729674918513e+00
2.665046729674918513e+00
2.665046729674918513e+00
2.665046729674918513e+00
2.665046729674918513e+00
2.665046729674918513e+00
2.665046729674918513e+00
2.665046729674918513e+00
2.665046729674918513e+00
2.665046729674918513e+00
2.665046729674918513e+00
2.665046729674918513e+00
2.665046729674918513e+00
2.665046729674918513e+00
2.665046729674918513e+00
2.665046729674918513e+00
2.665046729674918513e+00
2.665046729674918513e+00
2.665046729674918513e+00
2.665046729674918513e+00
2.665046729674918513e+00
2.665046729674918513e+00
2.665046729674918513e+00
2.665046729674918513e+00
2.665046729674918513e+00
2.665046729674918513e+00
2.665046729674918513e+00
2.665046729674918513e+00
