0.000000000000000000e+00
2.855866190983924913e+00
2.855866190983924913e+00
2.855866190983924913e+00
2.855866190983924913e+00
2.855866190983924913e+00
2.855866190983924913e+00
2.855866190983924913e+00
2.855866190983924913e+00
2.855866190983924913e+00
2.855866190983924913e+00
2.855866190983924913e+00
2.855866190983924913e+00
2.855866190983924913e+00
2.855866190983924913e+00
2.855866190983924913e+00
2.855866190983924913e+00
2.855866190983924913e+00
2.855866190983924913e+00
2.855866190983924913e+00
2.855866190983924913e+00
2.855866190983924913e+00
2.855866190983924913e+00
2.855866190983924913e+00
2.855866190983924913e+00
2.855866190983924913e+00
2.855866190983924913e+00
2.855866190983924913e+00
2.855866190983924913e+00
2.855866190983924913e+00
2.855866190983924913e+00
2.855866190983924913e+00
2.855866190983924913e+00
2.855866190983924913e+00
2.855866190983924913e+00
2.855866190983924913e+00
2.855866190983924913e+00
2.855866190983924913e+00
2.855866190983924913e+00
2.855866190983924913e+00
2.855866190983924913e+00
2.855866190983924913e+00
2.855866190983924913e+00
2.855866190983924913e+00
2.855866190983924913e+00
2.855866190983924913e+00
2.855866190983924913e+00
2.855866190983924913e+00
2.855866190983924913e+00
2.855866190983924913e+00
2.855866190983924913e+00
2.855866190983924913e+00
2.855866190983924913e+00
2.855866190983924913e+00
2.855866190983924913e+00
2.855866190983924913e+00
2.855866190983924913e+00
2.855866190983924913e+00
2.855866190983924913e+00
2.855866190983924913e+00
2.855866190983924913e+00
2.855866190983924913e+00
2.855866190983924913e+00
2.855866190983924913e+00
2.855866190983924913e+00
