0.000000000000000000e+00
2.672843436331764355e+00
2.672843436331764355e+00
2.672843436331764355e+00
2.672843436331764355e+00
2.672843436331764355e+00
2.672843436331764355e+00
2.672843436331764355e+00
2.672843436331764355e+00
2.672843436331764355e+00
2.672843436331764355e+00
2.672843436331764355e+00
2.672843436331764355e+00
2.672843436331764355e+00
2.672843436331764355e+00
2.672843436331764355e+00
2.672843436331764355e+00
2.672843436331764355e+00
2.672843436331764355e+00
2.672843436331764355e+00
2.672843436331764355e+00
2.672843436331764355e+00
2.672843436331764355e+00
2.672843436331764355e+00
2.672843436331764355e+00
2.672843436331764355e+00
2.672843436331764355e+00
2.672843436331764355e+00
2.672843436331764355e+00
2.672843436331764355e+00
2.672843436331764355e+00
2.672843436331764355e+00
2.672843436331764355e+00
2.672843436331764355e+00
2.672843436331764355e+00
2.672843436331764355e+00
2.672843436331764355e+00
2.672843436331764355e+00
2.672843436331764355e+00
2.672843436331764355e+00
2.672843436331764355e+00
2.672843436331764355e+00
2.672843436331764355e+00
2.672843436331764355e+00
2.672843436331764355e+00
2.672843436331764355e+00
2.672843436331764355e+00
2.672843436331764355e+00
2.672843436331764355e+00
2.672843436331764355e+00
2.672843436331764355e+00
2.672843436331764355e+00
2.672843436331764355e+00
2.672843436331764355e+00
2.672843436331764355e+00
2.672843436331764355e+00
2.672843436331764355e+00
2.672843436331764355e+00
2.672843436331764355e+00
2.672843436331764355e+00
2.672843436331764355e+00
2.672843436331764355e+00
2.672843436331764355e+00
2.672843436331764355e+00
2.672843436331764355e+00
2.672843436331764355e+00
2.672843436331764355e+00
2.672843436331764355e+00
2.672843436331764355e+00
2.672843436331764355e+00
2.672843436331764355e+00
2.672843436331764355e+00
2.672843436331764355e+00
2.672843436331764355e+00
2.672843436331764355e+00
2.672843436331764355e+00
2.672843436331764355e+00
2.672843436331764355e+00
2.672843436331764355e+00
2.672843436331764355e+00
2.672843436331764355e+00
