0.000000000000000000e+00 0.000000000000000000e+00 0.000000000000000000e+00 0.000000000000000000e+00 0.000000000000000000e+00 0.000000000000000000e+00 0.000000000000000000e+00 0.000000000000000000e+00 0.000000000000000000e+00
1.519895120336123284e-03 4.188416981384072812e+00 4.750527300469238767e+00 4.750239666901194369e+00 4.750461291295723143e+00 4.750152599443905999e+00 4.750513493761082451e+00 4.750350454751725238e+00 4.750490188209719022e+00
1.319040390323147349e-01 6.857408083213896610e+00 8.839315780634317221e+00 9.411317505991300791e+00 9.500684184575437286e+00 9.500365264599786030e+00 9.500460104584229626e+00 9.500694201012780837e+00 9.500751726245194817e+00
1.417037121031918812e-01 8.815725614676750865e+00 1.229030284283274455e+01 1.363298916986643583e+01 1.410854886142915632e+01 1.422657196159909532e+01 1.424139699527849956e+01 1.424145077070217269e+01 1.424162690751489890e+01
1.775556715369672744e-01 1.033526256411765232e+01 1.519752672278230321e+01 1.742532558329866532e+01 1.843656564471879022e+01 1.883377758994652140e+01 1.895452449384776017e+01 1.897869356418420850e+01 1.898173457980773193e+01
1.862745033371849546e-01 1.157606817806795618e+01 1.766456498144179221e+01 2.082026614588086844e+01 2.244371307227111245e+01 2.323442575818875611e+01 2.356946420943846832e+01 2.368437010682691124e+01 2.371374690623697035e+01
2.264480281856418586e-01 1.261956839668134478e+01 1.978742580433276288e+01 2.385768895838064907e+01 2.613676351435956846e+01 2.738963889361129844e+01 2.802633539450259548e+01 2.831109186097880581e+01 2.841706371641210183e+01
2.699925925682129524e-01 1.352251078080831981e+01 2.163791864411413002e+01 2.657962469344895595e+01 2.953447807093368738e+01 3.128764576172820000e+01 3.228617350274819131e+01 3.281007305504877536e+01 3.305280924060708259e+01
2.803920313729983405e-01 1.431829295207376695e+01 2.327265059031910255e+01 2.902773177812677829e+01 3.265977657793774824e+01 3.493587995389918888e+01 3.633357889774391936e+01 3.714802643440675922e+01 3.758450550850822935e+01
2.811883537927608590e-01 1.502658935211476710e+01 2.473408054514209908e+01 3.124228000473517142e+01 3.553801809301321413e+01 3.834895350807694570e+01 4.016864908430449788e+01 4.130988964047138268e+01 4.198503604250977617e+01
2.815043849622542727e-01 1.566363961962065687e+01 2.605311683987050486e+01 3.325669553879860985e+01 3.819328652004543301e+01 4.154167256583601642e+01 4.379795475502888991e+01 4.528936400161127551e+01 4.623686358672362928e+01
2.821906667998435037e-01 1.624223601797408989e+01 2.725330152851464049e+01 3.509937442621989589e+01 4.064794514822287397e+01 4.452995866835317429e+01 4.723001691234020427e+01 4.908692626929091318e+01 5.033036166622328267e+01
2.828327908626620535e-01 1.677205799228234184e+01 2.835314682322150404e+01 3.679405857251035172e+01 4.292345284848677522e+01 4.732899162833967210e+01 5.047602733487389060e+01 5.270766474817757796e+01 5.426285096085491944e+01
2.859663992835361768e-01 1.726061574757532213e+01 2.936737282544047645e+01 3.836038348781537621e+01 4.503898703369189604e+01 4.995395768235194112e+01 5.354616048876457057e+01 5.615822143177192771e+01 5.803587744133461968e+01
2.873388578090739776e-01 1.771397648366800581e+01 3.030775169025859839e+01 3.981470685540055854e+01 4.701188531992202257e+01 5.241884319741878073e+01 5.645199456844129315e+01 5.944656030460490115e+01 6.165316523075002664e+01
2.907700223397988171e-01 1.813662388437930417e+01 3.118389433670216704e+01 4.117077702531702954e+01 4.885724236520820796e+01 5.473746841642123684e+01 5.920402294228604489e+01 6.258106470983861414e+01 6.512048095675689297e+01
2.981983880025377842e-01 1.853260852224084942e+01 3.200386445586337203e+01 4.244008665584452444e+01 5.058857863798198196e+01 5.692248414204270546e+01 6.181245279781910540e+01 6.556975351566933341e+01 6.844439628707505108e+01
