0.000000000000000000e+00 0.000000000000000000e+00 0.000000000000000000e+00 0.000000000000000000e+00 0.000000000000000000e+00 0.000000000000000000e+00 0.000000000000000000e+00 0.000000000000000000e+00 0.000000000000000000e+00
2.604472467652829692e-02 4.198831550189083828e+00 4.750188065643426327e+00 4.749466319953151050e+00 4.749466319943985937e+00 4.749466319953151050e+00 4.749467607036414130e+00 4.749469100871602123e+00 4.749467606640900286e+00
7.460752656680587347e-02 6.880249646628242566e+00 8.851120449864337658e+00 9.411382102374101777e+00 9.496479485900529482e+00 9.496384045214128378e+00 9.497049650710849278e+00 9.496350804133697920e+00 9.496977949802849039e+00
7.746023520374338556e-02 8.826517307900216380e+00 1.231645068246210073e+01 1.364714038766265958e+01 1.411176077709931320e+01 1.422642896379894495e+01 1.424079312031389932e+01 1.423998939635169236e+01 1.424086659398648536e+01
8.761555561565395611e-02 1.033750035467444839e+01 1.522931452246581152e+01 1.745290056453041316e+01 1.845339636914608050e+01 1.884252781745804839e+01 1.895870860227998733e+01 1.898188367491181694e+01 1.898446417374668727e+01
1.023349649324505894e-01 1.156918566307250273e+01 1.769870746339973522e+01 2.086018797179151818e+01 2.247532156710704498e+01 2.325695009050784989e+01 2.358369144550351137e+01 2.369524416834870095e+01 2.372253403341461819e+01
1.618133703433993209e-01 1.260658704080080561e+01 1.981932239837925280e+01 2.390551913498960346e+01 2.618121303308763714e+01 2.742464693524594210e+01 2.805228143435245869e+01 2.833078343109752240e+01 2.843357971117569605e+01
2.446455631467602254e-01 1.350715671841720855e+01 2.166748768622138499e+01 2.663158360263810920e+01 2.958910964269320587e+01 3.133481203432764772e+01 3.232363663194789183e+01 3.283954335652137502e+01 3.307684008068068238e+01
2.587032310523569856e-01 1.430558600597017005e+01 2.329924500429968504e+01 2.908103061309952864e+01 3.272198337485025377e+01 3.499355302688736913e+01 3.638158255912259165e+01 3.718717881720996843e+01 3.761430976541901572e+01
2.624135240886641407e-01 1.501630029638674912e+01 2.475857981470960567e+01 3.129599895791127295e+01 3.560565139174904914e+01 3.841584911274286185e+01 4.022754274353953008e+01 4.135941483674948671e+01 4.202378653890613691e+01
2.679873527103099340e-01 1.565558904699132015e+01 2.607690893045903380e+01 3.331032894669255029e+01 3.826451158217693660e+01 4.161668830393814744e+01 4.386696131457048864e+01 4.534896404366474343e+01 4.628479549050143760e+01
2.713104357674356870e-01 1.623668155798005941e+01 2.727724875000460258e+01 3.515237868425354861e+01 4.072194988867358489e+01 4.461150545017049751e+01 4.730888716072692546e+01 4.915697494808358670e+01 5.038901961704671351e+01
2.748273285756386297e-01 1.676862921244570970e+01 2.837720196183126120e+01 3.684760360563873860e+01 4.299981332602116879e+01 4.741596250228245424e+01 5.056321081618122548e+01 5.278793742595615868e+01 5.433225168276987915e+01
2.790565445822780211e-01 1.725921582203876170e+01 2.939185630688141870e+01 3.841384546393129540e+01 4.511669153533777887e+01 5.004523380856014825e+01 5.364112951567551590e+01 5.624827442331763905e+01 5.811666371944978238e+01
2.867712778327908829e-01 1.771436173622674559e+01 3.033286299597745028e+01 3.986817031433270131e+01 4.709104959323055084e+01 5.251305380797140998e+01 5.655338538865134979e+01 5.954564154035175250e+01 6.174504602558817368e+01
2.902710288855222531e-01 1.813900940057191491e+01 3.120977966063582798e+01 4.122434834511241775e+01 4.893698507571995293e+01 5.483461432808861957e+01 5.931124292575005796e+01 6.268817996057555320e+01 6.522201341526520935e+01
2.945320225938256598e-01 1.853674310642827194e+01 3.203048827301261525e+01 4.249397377154274835e+01 5.066876639871050259e+01 5.702198244537746774e+01 6.192408865608781809e+01 6.568425829164270624e+01 6.855467540598232290e+01
