0.000000000000000000e+00 0.000000000000000000e+00 0.000000000000000000e+00 0.000000000000000000e+00 0.000000000000000000e+00 0.000000000000000000e+00 0.000000000000000000e+00 0.000000000000000000e+00 0.000000000000000000e+00
1.787905640634690485e-03 4.162149125094286362e+00 4.719760578676138074e+00 4.719760578676138074e+00 4.719760578676138074e+00 4.719760578676138074e+00 4.719760578676137186e+00 4.719760578676138074e+00 4.719760578676138074e+00
2.521449802404051449e-03 6.819201419852335633e+00 8.785226023115292548e+00 9.351282675260849331e+00 9.439392546505214199e+00 9.439392544502611671e+00 9.439392559252480552e+00 9.439392532044587725e+00 9.439392530297588735e+00
4.303894389129812523e-03 8.741651823487099904e+00 1.222184115735978338e+01 1.355645637641026369e+01 1.402720346058043255e+01 1.414417734445891384e+01 1.415897173367575057e+01 1.415897171994862447e+01 1.415897171826026124e+01
4.468217257276300980e-03 1.023744155389633548e+01 1.511005063635485968e+01 1.733244727508514060e+01 1.833834744932086736e+01 1.873192612755864772e+01 1.885158636293217427e+01 1.887591527264797620e+01 1.887842270821905188e+01
4.548689833197216807e-03 1.145677810903954530e+01 1.755948596249151450e+01 2.071197531784876134e+01 2.233021563427984546e+01 2.311682580015222754e+01 2.344955078769388024e+01 2.356339517023247154e+01 2.359250606476614820e+01
5.174582028295206075e-03 1.248362270516237871e+01 1.966555492570732966e+01 2.373447532428233586e+01 2.600856039034088951e+01 2.725677328269878075e+01 2.789070015554862181e+01 2.817342147247373418e+01 2.827858800669866213e+01
5.438265052231206625e-03 1.336928605443478624e+01 2.150199123136250989e+01 2.644289513706118200e+01 2.939314410890953155e+01 3.114194341928207876e+01 3.213727365515174483e+01 3.265869160595605791e+01 3.290050284055197949e+01
5.498774796933465075e-03 1.414714012103456575e+01 2.312403049207019379e+01 2.887955364507244838e+01 3.250713829818440814e+01 3.477892635613754635e+01 3.617348318651002614e+01 3.698582263647274004e+01 3.742102558434569914e+01
5.560094621941583104e-03 1.484011497350723729e+01 2.457295738742786284e+01 3.108300942647907661e+01 3.537451727005795732e+01 3.818080170337674417e+01 3.999762195300122158e+01 4.113671242327528432e+01 4.181088869487449244e+01
5.658921725589778282e-03 1.546461891748242934e+01 2.587995604764003943e+01 3.308676317879840667e+01 3.801906739108774502e+01 4.136272472288713686e+01 4.361553668798856620e+01 4.510484111145903086e+01 4.605146298596010013e+01
5.717931463171224346e-03 1.603277137483260617e+01 2.706892729494861172e+01 3.491917898542612875e+01 4.046359980786787958e+01 4.434031004871523862e+01 4.703656846294304472e+01 4.889104370824031776e+01 5.013343098137777076e+01
5.779975025016152908e-03 1.655376022733828378e+01 2.815847293103166749e+01 3.660397657657243542e+01 4.272934494645787140e+01 4.712904728255935538e+01 5.027141628061475842e+01 5.250030423381687683e+01 5.405419247964913865e+01
5.838926942842565665e-03 1.703471757166271772e+01 2.916328403562456373e+01 3.816090153268693541e+01 4.483559734331065272e+01 4.974399727502714086e+01 5.333114210018419499e+01 5.593969630574547125e+01 5.781544862044904676e+01
5.898855179493255919e-03 1.748128437241820876e+01 3.009512764241983263e+01 3.960639829667607614e+01 4.679959946184293074e+01 5.219956763935114452e+01 5.622675131540589177e+01 5.921720760187108112e+01 6.142142550087560693e+01
5.959741708378554770e-03 1.789799711293973061e+01 3.096355048639060570e+01 4.095420501226772103e+01 4.863658781451646718e+01 5.450933276179929265e+01 5.896900518441886163e+01 6.234111923393942334e+01 6.487770276521473534e+01
6.020630516374629593e-03 1.828855674279390797e+01 3.177638979519586826e+01 4.221585272926970589e+01 5.035993504445739433e+01 5.668591198997373226e+01 6.156831429530543431e+01 6.531970433875346771e+01 6.819050126449843674e+01
